2.496879	0.53307748
2.497503	0.71301001
2.498127	0.59220231
2.498751	0.87336808
2.499375	0.6472894
2.5	0.75563937
2.500625	0.72722191
2.501251	0.86292982
2.501876	0.7089653
2.502502	0.65634125
2.503129	0.05091558
2.503756	0.65079308
2.504383	0.39901179
2.50501	0.71048284
2.505638	0.1934077
2.506266	0.19923
2.506894	0.54888242
2.507523	0.84758037
2.508152	0.84453428
2.508781	0.52398235
2.50941	0.42852372
2.51004	0.76450586
2.51067	0.24992493
2.511301	0.16490711
2.511932	0.44845477
2.512563	0.23831347
2.513194	0.55204201
2.513826	0.78129309
2.514458	0.41448838
2.51509	0.18901555
2.515723	0.13038543
2.516356	0.08750951
2.51699	0.13735026
2.517623	0.07342572
2.518257	0.47277525
2.518892	0.51440597
2.519526	0.12084179
2.520161	0.42699605
2.520797	0.69993299
2.521432	0.71643221
2.522068	0.29361108
2.522704	0.35978851
2.523341	0.58874488
2.523978	0.01604064
2.524615	0.33682963
2.525253	0.17520113
2.52589	0.37906078
2.526529	0.08374047
2.527167	0.0865225
2.527806	0.36273116
2.528445	0.22018053
2.529084	0.30973357
2.529724	0.03384626
2.530364	0.13840701
2.531005	0.04910843
2.531646	0.0001363
2.532287	0.05625552
2.532928	0.03709425
2.53357	0.02327664
2.534212	0.37785435
2.534854	0.21005239
2.535497	0.03266045
2.53614	0.00012192
2.536783	0.02783254
2.537427	0.13613006
2.538071	0.29948494
2.538715	0.13374454
2.53936	0.05715043
2.540005	0.42826891
2.54065	0.29916522
2.541296	0.08739257
2.541942	0.03055816
2.542588	0.00530638
2.543235	0.00035915
2.543882	0.00808748
2.544529	0.00354609
2.545177	0.00600634
2.545825	0.03664141
2.546473	0.1360994
2.547122	0.02107589
2.547771	0.00000097
2.54842	0.0003014
2.54907	0.01011449
2.54972	0.10307951
2.55037	0.02640314
2.55102	0.0000077
2.551671	0.02760443
2.552323	0.01225917
2.552974	0.00002118
2.553626	0.00212592
2.554278	0.13707604
2.554931	0.09025128
2.555584	0.11955649
2.556237	0.23224191
2.556891	0.19169717
2.557545	0.12000179
2.558199	0.11014621
2.558854	0.07539529
2.559509	0.01100054
2.560164	0.00000023
2.560819	0.00000004
2.561476	0
2.562132	0.00000028
2.562788	0
2.563445	0.00002793
2.564103	0.00000759
2.56476	0
2.565418	0.00001228
2.566077	0.00942893
2.566735	0.02759116
2.567394	0.01460139
2.568053	0.00022661
2.568713	0.00010694
2.569373	0.00000001
2.570033	0
2.570694	0.00037326
2.571355	0.00585171
2.572016	0.00420496
2.572678	0.00013141
2.57334	0
2.574003	0.00000169
2.574665	0.00003381
2.575328	0.00005105
2.575992	0.00025552
2.576655	0.00000001
2.57732	0
2.577984	0.00078149
2.578649	0.00715471
2.579314	0.00396835
2.579979	0.0020878
2.580645	0.00002706
2.581311	0
2.581978	0.00004621
2.582645	0.00005737
2.583312	0
2.583979	0
2.584647	0
2.585315	0.00002331
2.585984	0.00009271
2.586653	0.00000025
2.587322	0
2.587992	0.00000001
2.588662	0.00000157
2.589332	0
2.590003	0.00005134
2.590674	0.00078233
2.591345	0.00032083
2.592017	0.00004316
2.592689	0
2.593361	0
2.594034	0
2.594707	0
2.59538	0
2.596054	0
2.596728	0
2.597403	0.00000009
2.598078	0.00003141
2.598752	0.00167807
2.599428	0.00185256
2.600104	0.00053321
2.60078	0.00004063
2.601457	0
2.602134	0.00000226
2.602811	0.0000047
2.603489	0
2.604167	0
2.604845	0
2.605524	0
2.606203	0
2.606882	0
2.607562	0
2.608242	0.00000089
2.608922	0.00000512
2.609603	0
2.610285	0.00000108
2.610966	0.00025161
2.611648	0.00028053
2.61233	0.0000085
2.613013	0
2.613696	0.00000456
2.614379	0.00008053
2.615063	0.00001581
2.615747	0.00000017
2.616431	0
2.617116	0
2.617801	0
2.618486	0.00000006
2.619172	0.00000005
2.619859	0
2.620545	0
2.621232	0.00000001
2.621919	0.00005636
2.622607	0.00080168
2.623295	0.00386461
2.623983	0.00412693
2.624672	0.00127248
2.625361	0.00020739
2.62605	0.00000005
2.62674	0
2.62743	0.00000001
2.628121	0.00001972
2.628812	0.00001148
2.629503	0
2.630195	0
2.630887	0
2.631579	0
2.632272	0.00000174
2.632965	0.00000195
2.633658	0.00000002
2.634352	0
2.635046	0.00125615
2.635741	0.0074896
2.636436	0.0144512
2.637131	0.04389801
2.637826	0.05699439
2.638522	0.02343022
2.639219	0.01820189
2.639915	0.0399057
2.640613	0.00546287
2.64131	0.00141962
2.642008	0.00001581
2.642706	0.00238391
2.643405	0.0238175
2.644104	0.00249799
2.644803	0.0051994
2.645503	0.0000017
2.646203	0
2.646903	0.00017322
2.647604	0.01262708
2.648305	0.03327999
2.649007	0.04430016
2.649709	0.01504432
2.650411	0.02122077
2.651114	0.00096221
2.651817	0.00003928
2.65252	0
2.653224	0.00000231
2.653928	0.00047363
2.654632	0.00012659
2.655337	0
2.656043	0.00002142
2.656748	0.00084459
2.657454	0.0021592
2.65816	0.0003197
2.658867	0.00015696
2.659575	0
2.660282	0.00000001
2.66099	0.00000203
2.661698	0
2.662407	0.00000048
2.663116	0.00000125
2.663825	0
2.664535	0
2.665245	0
2.665956	0
2.666667	0
2.667378	0
2.66809	0
2.668802	0
2.669514	0
2.670227	0
2.67094	0
2.671654	0
2.672368	0
2.673082	0
2.673797	0
2.674512	0
2.675227	0
2.675943	0
2.67666	0
2.677376	0
2.678093	0
2.678811	0
2.679528	0
2.680247	0
2.680965	0
2.681684	0
2.682403	0
2.683123	0
2.683843	0
2.684564	0
2.685285	0
2.686006	0
2.686728	0
2.68745	0
2.688172	0
2.688895	0
2.689618	0
2.690342	0
2.691066	0.00000015
2.69179	0.00000008
2.692515	0.00000003
2.69324	0
2.693965	0
2.694691	0
2.695418	0
2.696145	0
2.696872	0
2.697599	0
2.698327	0
2.699055	0
2.699784	0
2.700513	0
2.701243	0
2.701972	0
2.702703	0
2.703433	0
2.704165	0
2.704896	0
2.705628	0
2.70636	0
2.707093	0
2.707826	0
2.708559	0
2.709293	0
2.710027	0
2.710762	0
2.711497	0
2.712232	0
2.712968	0.00000009
2.713704	0.00000006
2.714441	0.00000375
2.715178	0.00000341
2.715915	0.00004169
2.716653	0.00000166
2.717391	0.00000037
2.71813	0
2.718869	0.00000004
2.719608	0
2.720348	0
2.721088	0
2.721829	0
2.72257	0.00000007
2.723312	0
2.724053	0
2.724796	0
2.725538	0
2.726281	0.00000008
2.727025	0.00031686
2.727769	0.00013984
2.728513	0.00241369
2.729258	0.00187535
2.730003	0.00653073
2.730748	0.00186079
2.731494	0.00313584
2.73224	0.00057108
2.732987	0.00091271
2.733734	0.00035103
2.734482	0.00000002
2.73523	0
2.735978	0.00000545
2.736727	0.0001299
2.737476	0.00001191
2.738226	0.00000005
2.738976	0
2.739726	0
2.740477	0
2.741228	0
2.74198	0
2.742732	0.00000001
2.743484	0.00001165
2.744237	0.00009858
2.74499	0.00000983
2.745744	0.00000341
2.746498	0.00005752
2.747253	0.00000954
2.748008	0.00000901
2.748763	0.00000002
2.749519	0.0000066
2.750275	0.00000473
2.751032	0.00000015
2.751789	0
2.752546	0
2.753304	0
2.754062	0
2.754821	0
2.75558	0
2.75634	0
2.7571	0
2.75786	0
2.758621	0
2.759382	0
2.760144	0
2.760906	0
2.761668	0
2.762431	0
2.763194	0
2.763958	0
2.764722	0
2.765487	0
2.766252	0
2.767017	0.00000001
2.767783	0
2.768549	0.00000007
2.769316	0.00000087
2.770083	0
2.770851	0
2.771619	0
2.772387	0
2.773156	0.00000001
2.773925	0
2.774695	0.00000001
2.775465	0
2.776235	0
2.777006	0
2.777778	0
2.77855	0
2.779322	0
2.780095	0
2.780868	0
2.781641	0
2.782415	0
2.78319	0
2.783964	0.00000042
2.78474	0.00000003
2.785515	0.00000007
2.786291	0
2.787068	0
2.787845	0
2.788622	0.00000003
2.7894	0.00000021
2.790179	0.00000751
2.790957	0.00000301
2.791736	0.00033782
2.792516	0.00032009
2.793296	0.00000999
2.794076	0.00014111
2.794858	0.00062862
2.795639	0.00002494
2.796421	0.0010852
2.797203	0.00009527
2.797986	0.00013023
2.798769	0.00031539
2.799552	0.00587747
2.800336	0.00016519
2.801121	0.00077977
2.801905	0.00000414
2.802691	0
2.803476	0
2.804262	0.00000001
2.805049	0.00000363
2.805836	0.00002051
2.806624	0.00019575
2.807412	0.00041204
2.8082	0.00039606
2.808989	0.00015432
2.809778	0.00486814
2.810568	0.00811139
2.811358	0.00229772
2.812149	0.02305634
2.812939	0.00888637
2.813731	0.00135876
2.814523	0.00038398
2.815315	0.00000202
2.816108	0.00878702
2.816901	0.00491999
2.817695	0.01546688
2.818489	0.00128255
2.819284	0.00006164
2.820079	0.00095514
2.820874	0.00006826
2.821671	0.00016463
2.822467	0.00155296
2.823264	0.05266473
2.824061	0.08605023
2.824859	0.03898455
2.825657	0.03221255
2.826456	0.19552694
2.827255	0.00252467
2.828054	0.00459827
2.828854	0.08807888
2.829655	0.276923
2.830456	0.11735714
2.831257	0.12213601
2.832059	0.01351745
2.832861	0.03188675
2.833664	0.00111952
2.834467	0.00320262
2.835271	0.00034983
2.836075	0.03370911
2.836879	0.02635649
2.837684	0.01076494
2.83849	0.00028831
2.839296	0.02830616
2.840102	0.05963488
2.840909	0.06623164
2.841716	0.03058957
2.842524	0.12067661
2.843332	0.17974555
2.844141	0.19321848
2.84495	0.23085839
2.84576	0.16767882
2.84657	0.03688363
2.84738	0.07166968
2.848191	0.02604004
2.849003	0.00978294
2.849815	0.00949679
2.850627	0.15692009
2.85144	0.24065173
2.852253	0.04862521
2.853067	0.0439687
2.853881	0.00508619
2.854696	0.00227628
2.855511	0.00337333
2.856327	0.04005859
2.857143	0.13681617
2.85796	0.21244077
2.858776	0.32285085
2.859594	0.04433709
2.860412	0.14472675
2.86123	0.06169836
2.862049	0.43934205
2.862869	0.26659372
2.863688	0.37291262
2.864509	0.12542965
2.86533	0.51154566
2.866151	0.26240966
2.866972	0.02504913
2.867795	0.31302917
2.868617	0.1200771
2.869441	0.24828233
2.870264	0.21372567
2.871088	0.18499678
2.871913	0.00800282
2.872738	0.01057723
2.873563	0.14575525
2.874389	0.39754975
2.875216	0.6240629
2.876043	0.54438066
2.87687	0.48591271
2.877698	0.03295676
2.878526	0.45055827
2.879355	0.23766302
2.880184	0.43339413
2.881014	0.38816077
2.881844	0.32096139
2.882675	0.43155673
2.883506	0.53636855
2.884338	0.13234751
2.88517	0.32828292
2.886003	0.47504631
2.886836	0.4913967
2.88767	0.05116486
2.888504	0.11468131
2.889338	0.12404259
2.890173	0.29617769
2.891009	0.36177364
2.891845	0.43861994
2.892682	0.5264855
2.893518	0.24733564
2.894356	0.69077778
2.895194	0.80388993
2.896032	0.63778687
2.896871	0.73415273
2.897711	0.74423027
2.898551	0.64618123
2.899391	0.42913458
2.900232	0.09375114
2.901073	0.0008898
2.901915	0.29922149
2.902758	0.25275528
2.9036	0.56998181
2.904444	0.04115274
2.905288	0.16315509
2.906132	0.49909741
2.906977	0.40527135
2.907822	0.60778093
2.908668	0.38848704
2.909514	0.63412702
2.910361	0.50108761
2.911208	0.85323191
2.912056	0.75207812
2.912904	0.38677001
2.913753	0.65706098
2.914602	0.17241493
2.915452	0.75176895
2.916302	0.81566572
2.917153	0.33427802
2.918004	0.73473918
2.918856	0.81336981
2.919708	0.85111058
2.920561	0.61257476
2.921414	0.34240031
2.922268	0.07355661
2.923122	0.21373665
2.923977	0.05598702
2.924832	0.30536944
2.925688	0.4499318
2.926544	0.79071552
2.9274	0.76347816
2.928258	0.85609239
2.929115	0.74779826
2.929974	0.50500554
2.930832	0.76966786
2.931692	0.89832801
2.932551	0.86297572
2.933412	0.52916074
2.934272	0.87669432
2.935133	0.70638502
2.935995	0.88212848
2.936857	0.86115742
2.93772	0.23161641
2.938584	0.66365707
2.939447	0.38991848
2.940312	0.57341248
2.941176	0.7917639
2.942042	0.65234298
2.942908	0.54604661
2.943774	0.11804434
2.944641	0.60253543
2.945508	0.83052391
2.946376	0.73849571
2.947244	0.0486573
2.948113	0.24466555
2.948983	0.79596502
2.949852	0.85360634
2.950723	0.87827015
2.951594	0.84387952
2.952465	0.8232798
2.953337	0.23202659
2.95421	0.40409645
2.955083	0.25197443
2.955956	0.44846421
2.95683	0.86123472
2.957705	0.85003507
2.95858	0.57569909
2.959455	0.65374762
2.960331	0.58576781
2.961208	0.83963501
2.962085	0.77611703
2.962963	0.59874099
2.963841	0.79877263
2.96472	0.89443839
2.965599	0.90035874
2.966479	0.65888512
2.967359	0.71457905
2.96824	0.34790358
2.969121	0.26426533
2.970003	0.43592376
2.970885	0.1950886
2.971768	0.26193756
2.972652	0.18928824
2.973536	0.54966235
2.97442	0.18088755
2.975305	0.60597694
2.976191	0.27116647
2.977077	0.73605382
2.977963	0.81538856
2.97885	0.25509384
2.979738	0.24889638
2.980626	0.4999665
2.981515	0.51557297
2.982404	0.6826672
2.983294	0.87711662
2.984184	0.62417775
2.985075	0.8099032
2.985966	0.87864941
2.986858	0.71689808
2.98775	0.89305687
2.988643	0.7297945
2.989537	0.91075319
2.990431	0.91768712
2.991325	0.81617427
2.99222	0.65946281
2.993116	0.7371316
2.994012	0.64455199
2.994909	0.71755219
2.995806	0.84758496
2.996704	0.14011192
2.997602	0.66537422
2.998501	0.38499963
2.9994	0.75158513
3.0003	0.86463994
3.0012	0.90835124
3.002101	0.90565383
3.003003	0.62380564
3.003905	0.83355862
3.004808	0.5017361
3.005711	0.38259289
3.006614	0.35712507
3.007519	0.52172607
3.008424	0.73241436
3.009329	0.4570902
3.010235	0.87412483
3.011141	0.91098511
3.012048	0.86171776
3.012956	0.70238703
3.013864	0.79933685
3.014772	0.62074131
3.015682	0.89975655
3.016591	0.8352825
3.017502	0.64244711
3.018412	0.19368613
3.019324	0.49677056
3.020236	0.3764855
3.021148	0.74366325
3.022061	0.13832697
3.022974	0.28423682
3.023889	0.86705148
3.024803	0.90224743
3.025719	0.91204906
3.026634	0.86656374
3.027551	0.53087234
3.028468	0.9123466
3.029385	0.81439304
3.030303	0.6741358
3.031222	0.8656258
3.032141	0.26025516
3.03306	0.53355753
3.033981	0.82671642
3.034901	0.86351478
3.035823	0.47320345
3.036745	0.1363923
3.037667	0.54781592
3.03859	0.4268176
3.039514	0.79789543
3.040438	0.46003932
3.041363	0.43519145
3.042288	0.88875735
3.043214	0.80447692
3.04414	0.82466835
3.045067	0.420021
3.045995	0.3679083
3.046923	0.87039483
3.047851	0.76784605
3.04878	0.3640599
3.04971	0.49838188
3.050641	0.78111404
3.051572	0.24239855
3.052503	0.27125439
3.053435	0.54501373
3.054368	0.13118887
3.055301	0.22598588
3.056235	0.50783759
3.057169	0.62690216
3.058104	0.62492782
3.059039	0.91027689
3.059976	0.9138183
3.060912	0.86097974
3.061849	0.5855974
3.062787	0.43455657
3.063725	0.77992374
3.064664	0.55812287
3.065604	0.89192271
3.066544	0.7336064
3.067485	0.38428304
3.068426	0.8669498
3.069368	0.61953324
3.07031	0.35293329
3.071253	0.6518175
3.072197	0.64008236
3.073141	0.19096389
3.074085	0.80213338
3.075031	0.82860827
3.075977	0.90916795
3.076923	0.91187358
3.07787	0.84566754
3.078818	0.88954103
3.079766	0.68355441
3.080715	0.63498962
3.081664	0.07431473
3.082614	0.52225459
3.083565	0.69731492
3.084516	0.63668489
3.085467	0.79891211
3.08642	0.38894293
3.087373	0.86525375
3.088326	0.79209197
3.08928	0.34538242
3.090235	0.64446378
3.09119	0.83744144
3.092146	0.80500692
3.093102	0.25649062
3.094059	0.57821727
3.095017	0.66121775
3.095975	0.22889073
3.096934	0.66903496
3.097893	0.67514634
3.098853	0.31834918
3.099814	0.6599074
3.100775	0.89506298
3.101737	0.90451431
3.102699	0.82724452
3.103662	0.45013294
3.104626	0.71243805
3.10559	0.20835982
3.106555	0.21587665
3.10752	0.8062501
3.108486	0.47768724
3.109453	0.75190002
3.11042	0.56717765
3.111388	0.12532142
3.112356	0.74708891
3.113325	0.83988744
3.114295	0.75876367
3.115265	0.22239631
3.116235	0.56907701
3.117207	0.87020254
3.118179	0.86665976
3.119152	0.92152596
3.120125	0.91881335
3.121099	0.91277218
3.122073	0.85376972
3.123048	0.87583345
3.124024	0.8603946
3.125	0.43376109
3.125977	0.69907296
3.126954	0.16382921
3.127933	0.52672601
3.128911	0.38377741
3.12989	0.86687577
3.13087	0.91728157
3.131851	0.91382241
3.132832	0.81175727
3.133814	0.87531859
3.134796	0.92261004
3.135779	0.93379462
3.136763	0.92067337
3.137747	0.90739423
3.138732	0.720653
3.139717	0.13251153
3.140703	0.77728939
3.14169	0.72845525
3.142678	0.84897155
3.143666	0.88433933
3.144654	0.78268313
3.145643	0.60780001
3.146633	0.12136352
3.147624	0.73641521
3.148615	0.86254644
3.149606	0.63830572
3.150599	0.91413087
3.151592	0.85806948
3.152585	0.928267
3.153579	0.89757156
3.154574	0.60598356
3.15557	0.82181484
3.156566	0.65730268
3.157562	0.78433907
3.15856	0.61076254
3.159558	0.89013225
3.160556	0.81057411
3.161556	0.93603104
3.162555	0.92995358
3.163556	0.94805658
3.164557	0.94621509
3.165559	0.92773181
3.166561	0.53411227
3.167564	0.75622994
3.168568	0.91946435
3.169572	0.91010922
3.170577	0.93843937
3.171583	0.88911557
3.172589	0.76146829
3.173596	0.70626104
3.174603	0.91414547
3.175611	0.25362539
3.17662	0.89806569
3.177629	0.90951335
3.17864	0.88556021
3.17965	0.92855346
3.180662	0.91596425
3.181674	0.57728368
3.182686	0.86902922
3.183699	0.56100684
3.184713	0.16265422
3.185728	0.88284528
3.186743	0.89793932
3.187759	0.87798113
3.188776	0.87841517
3.189793	0.81680787
3.19081	0.60894281
3.191829	0.13103101
3.192848	0.38832697
3.193868	0.14200863
3.194888	0.8549484
3.195909	0.76960629
3.196931	0.70182341
3.197953	0.14151351
3.198976	0.35385144
3.2	0.49779609
3.201024	0.75541991
3.202049	0.05615414
3.203075	0.02012555
3.204101	0.7095018
3.205128	0.70564663
3.206156	0.10919654
3.207184	0.32337883
3.208213	0.57323951
3.209243	0.11652195
3.210273	0.48369694
3.211304	0.09668184
3.212335	0.04279739
3.213368	0.23492549
3.214401	0.64037758
3.215434	0.39142498
3.216468	0.57672477
3.217503	0.53770918
3.218539	0.41033936
3.219575	0.73810852
3.220612	0.15501393
3.221649	0.06682441
3.222688	0.25531194
3.223727	0.34743541
3.224766	0.16053021
3.225806	0.1897347
3.226847	0.60097522
3.227889	0.80210859
3.228931	0.42472458
3.229974	0.07916655
3.231018	0.00941002
3.232062	0.3870346
3.233107	0.76831585
3.234153	0.86902851
3.235199	0.88849014
3.236246	0.74822789
3.237294	0.86980993
3.238342	0.78336602
3.239391	0.40615577
3.240441	0.00496612
3.241491	0.58255333
3.242542	0.77575213
3.243594	0.32456329
3.244646	0.54320431
3.245699	0.36893743
3.246753	0.14428872
3.247808	0.51024067
3.248863	0.30814081
3.249919	0.02458062
3.250975	0.50682205
3.252033	0.84537172
3.25309	0.86656958
3.254149	0.82767212
3.255208	0.89483726
3.256268	0.86379653
3.257329	0.81939411
3.25839	0.77710962
3.259452	0.39121836
3.260515	0.00451412
3.261579	0.37173805
3.262643	0.47340935
3.263708	0.2274408
3.264773	0.76890612
3.265839	0.85964853
3.266906	0.76892096
3.267974	0.40801921
3.269042	0.73035127
3.270111	0.04243965
3.271181	0.25546873
3.272251	0.18138583
3.273322	0.72711372
3.274394	0.83422768
3.275467	0.84499323
3.27654	0.84176964
3.277614	0.81459051
3.278688	0.77693927
3.279764	0.11484763
3.28084	0.12196545
3.281917	0.83774453
3.282994	0.89771712
3.284072	0.91105109
3.285151	0.88456112
3.286231	0.90297586
3.287311	0.89514542
3.288392	0.91292953
3.289474	0.90186906
3.290556	0.71642661
3.291639	0.44153944
3.292723	0.83176768
3.293808	0.44433591
3.294893	0.60847545
3.295979	0.22063261
3.297065	0.73076516
3.298153	0.08988132
3.299241	0.22003828
3.30033	0.55077142
3.301419	0.37512624
3.30251	0.78103685
3.303601	0.83979183
3.304693	0.36858782
3.305785	0.68504357
3.306878	0.85679746
3.307972	0.71979314
3.309067	0.51128715
3.310162	0.35531437
3.311258	0.6629824
3.312355	0.02901057
3.313453	0.00084019
3.314551	0.00074375
3.31565	0.00056302
3.31675	0.00757738
3.31785	0.02359681
3.318951	0.01215728
3.320053	0.10771558
3.321156	0.17960876
3.322259	0.1184005
3.323363	0.2710261
3.324468	0.48795703
3.325574	0.48746589
3.32668	0.69778776
3.327787	0.26938939
3.328895	0.41207701
3.330003	0.65156674
3.331113	0.87794954
3.332223	0.8822512
3.333333	0.87495935
3.334445	0.25007817
3.335557	0.83985656
3.33667	0.91108066
3.337784	0.90439373
3.338898	0.65683258
3.340013	0.40469605
3.341129	0.73287189
3.342246	0.6135478
3.343364	0.89789218
3.344482	0.75400299
3.345601	0.05537503
3.34672	0.35794589
3.347841	0.8109262
3.348962	0.92388797
3.350084	0.91392732
3.351207	0.72716141
3.35233	0.88289165
3.353454	0.83567196
3.354579	0.65729105
3.355705	0.50130987
3.356831	0.04549669
3.357958	0.42497563
3.359086	0.8739447
3.360215	0.87726223
3.361345	0.52913916
3.362475	0.84181964
3.363606	0.51406687
3.364738	0.90714085
3.36587	0.82186747
3.367003	0.781874
3.368137	0.1741426
3.369272	0.22448146
3.370408	0.84498322
3.371544	0.51364976
3.372681	0.82433867
3.373819	0.91454118
3.374958	0.92014259
3.376097	0.76230681
3.377237	0.74445283
3.378378	0.86528921
3.37952	0.13722162
3.380663	0.08457263
3.381806	0.74587822
3.38295	0.70001733
3.384095	0.87289822
3.38524	0.59290278
3.386387	0.80326289
3.387534	0.92127973
3.388682	0.93335456
3.389831	0.90204436
3.39098	0.67710584
3.39213	0.02991238
3.393281	0.75014782
3.394433	0.72534662
3.395586	0.923006
3.396739	0.89531016
3.397893	0.83959001
3.399048	0.938905
3.400204	0.9265511
3.401361	0.90806973
3.402518	0.82123095
3.403676	0.12620392
3.404835	0.21386807
3.405995	0.73832715
3.407155	0.71137148
3.408316	0.73469466
3.409478	0.69214165
3.410641	0.77625704
3.411805	0.91602051
3.412969	0.83738494
3.414135	0.90507561
3.415301	0.33507955
3.416467	0.08979912
3.417635	0.83888054
3.418803	0.92463171
3.419973	0.92379856
3.421143	0.93024325
3.422313	0.93321258
3.423485	0.88755238
3.424658	0.89916533
3.425831	0.72408581
3.427005	0.36892757
3.42818	0.26728237
3.429355	0.37295941
3.430532	0.91863704
3.431709	0.92273861
3.432887	0.95052624
3.434066	0.87963837
3.435246	0.85386932
3.436426	0.90616959
3.437608	0.89774948
3.43879	0.87477452
3.439972	0.33033308
3.441156	0.40197089
3.442341	0.89821965
3.443526	0.90907705
3.444712	0.94977635
3.445899	0.77997512
3.447087	0.94785154
3.448276	0.79883081
3.449465	0.87012565
3.450656	0.93107879
3.451847	0.61705196
3.453039	0.55738676
3.454232	0.47493979
3.455425	0.79143417
3.45662	0.93998885
3.457815	0.95502514
3.459011	0.95684737
3.460208	0.93025118
3.461405	0.88770437
3.462604	0.94582319
3.463803	0.7819857
3.465003	0.68209809
3.466204	0.58249438
3.467406	0.81120187
3.468609	0.87335116
3.469813	0.95699877
3.471017	0.94586807
3.472222	0.91465157
3.473428	0.9155187
3.474635	0.82988214
3.475843	0.8711921
3.477051	0.77565384
3.478261	0.69492745
3.479471	0.83073956
3.480682	0.91466987
3.481894	0.9181152
3.483107	0.91802043
3.484321	0.9500165
3.485535	0.87827253
3.48675	0.90768802
3.487967	0.86766398
3.489183	0.80218774
3.490402	0.81877762
3.49162	0.8746928
3.49284	0.84146595
3.49406	0.8788619
3.495281	0.95395494
3.496504	0.94494027
3.497726	0.95143241
3.49895	0.88328952
3.500175	0.89290482
3.5014	0.95485973
3.502627	0.8917231
3.503854	0.82114154
3.505082	0.93657637
3.506311	0.93733305
3.507541	0.94700938
3.508772	0.96235484
3.510004	0.9266845
3.511236	0.8604672
3.512469	0.95581704
3.513703	0.94995528
3.514939	0.92576051
3.516174	0.94239241
3.517411	0.93402523
3.518649	0.94845366
3.519887	0.94306141
3.521127	0.92801505
3.522367	0.96294487
3.523608	0.93673003
3.52485	0.95932782
3.526093	0.93381327
3.527337	0.86087024
3.528582	0.91412258
3.529827	0.95606631
3.531073	0.88912261
3.532321	0.91916829
3.533569	0.86283821
3.534818	0.85357749
3.536068	0.73085421
3.537319	0.94189674
3.53857	0.831034
3.539823	0.81785846
3.541076	0.82996035
3.542331	0.80634624
3.543586	0.83784926
3.544842	0.86314166
3.546099	0.88626117
3.547357	0.80350488
3.548616	0.94785041
3.549876	0.88800359
3.551136	0.93595254
3.552398	0.91569489
3.55366	0.87076765
3.554924	0.86580324
3.556188	0.9376986
3.557453	0.92285067
3.558719	0.93690151
3.559986	0.84858984
3.561254	0.9519915
3.562522	0.95910925
3.563792	0.93335986
3.565062	0.85698748
3.566334	0.86862546
3.567606	0.83152872
3.568879	0.91608256
3.570153	0.90136689
3.571429	0.87824303
3.572705	0.86613709
3.573982	0.78822774
3.575259	0.84777045
3.576538	0.89504409
3.577817	0.89756691
3.579098	0.91725796
3.580379	0.9192909
3.581662	0.79189932
3.582945	0.92037624
3.584229	0.87883127
3.585515	0.8336395
3.586801	0.8683387
3.588088	0.90782124
3.589375	0.91378015
3.590664	0.91717547
3.591954	0.88435006
3.593245	0.8910203
3.594536	0.94784099
3.595829	0.92324752
3.597122	0.91030407
3.598417	0.9373889
3.599712	0.93756825
3.601008	0.90587556
3.602305	0.95103604
3.603604	0.94907582
3.604903	0.89128143
3.606203	0.86460143
3.607504	0.7579084
3.608805	0.93804216
3.610108	0.93410027
3.611412	0.92192006
3.612717	0.9090113
3.614022	0.91063482
3.615329	0.96058619
3.616637	0.9237296
3.617945	0.95485502
3.619254	0.95395291
3.620565	0.94956088
3.621876	0.94490296
3.623188	0.95191354
3.624502	0.95381778
3.625816	0.86148459
3.627131	0.86000329
3.628447	0.90268296
3.629764	0.9653852
3.631082	0.92610854
3.632401	0.95095557
3.633721	0.95837677
3.635042	0.92044795
3.636364	0.94498289
3.637686	0.94694507
3.63901	0.95492935
3.640335	0.95089877
3.641661	0.95718718
3.642987	0.96425766
3.644315	0.95603412
3.645643	0.89025277
3.646973	0.79584616
3.648304	0.86939597
3.649635	0.96451408
3.650968	0.92609632
3.652301	0.95284009
3.653635	0.95237988
3.654971	0.95552075
3.656307	0.96558261
3.657645	0.96054029
3.658983	0.96139485
3.660322	0.96375549
3.661662	0.95271462
3.663004	0.94477302
3.664346	0.96111041
3.665689	0.96230996
3.667033	0.7630859
3.668379	0.90591025
3.669725	0.95617747
3.671072	0.92711169
3.67242	0.88897121
3.673769	0.8850922
3.675119	0.88821256
3.676471	0.88163161
3.677823	0.92942387
3.679176	0.94095612
3.68053	0.93870026
3.681885	0.94037801
3.683241	0.92589426
3.684598	0.95532727
3.685956	0.96128309
3.687316	0.84013987
3.688676	0.89384693
3.690037	0.96070564
3.691399	0.94615072
3.692762	0.94614983
3.694126	0.96273482
3.695492	0.95846659
3.696858	0.94590795
3.698225	0.96506453
3.699593	0.96038759
3.700962	0.95854753
3.702332	0.96924436
3.703704	0.96833462
3.705076	0.96156496
3.706449	0.92924279
3.707824	0.93701255
3.709199	0.88323963
3.710575	0.93776774
3.711952	0.94804752
3.713331	0.91905665
3.71471	0.94486767
3.716091	0.94736493
3.717472	0.94210947
3.718855	0.96142852
3.720238	0.96650606
3.721623	0.96557111
3.723008	0.96601754
3.724395	0.9521535
3.725782	0.9479664
3.727171	0.93870676
3.728561	0.94001484
3.729952	0.90944475
3.731343	0.94607812
3.732736	0.96332061
3.73413	0.89423388
3.735525	0.94197595
3.736921	0.94335914
3.738318	0.94182605
3.739716	0.95663762
3.741115	0.92747325
3.742515	0.95531595
3.743916	0.95800275
3.745318	0.95338565
3.746722	0.95165467
3.748126	0.9584074
3.749531	0.94838661
3.750938	0.92174852
3.752345	0.93246347
3.753754	0.96000326
3.755163	0.91831815
3.756574	0.962479
3.757986	0.94161105
3.759398	0.95773113
3.760812	0.94396502
3.762227	0.95282018
3.763643	0.93684328
3.76506	0.92751044
3.766478	0.92146492
3.767898	0.96333772
3.769318	0.96019262
3.770739	0.91572332
3.772161	0.9541477
3.773585	0.94567424
3.775009	0.92383045
3.776435	0.96165454
3.777862	0.95567572
3.779289	0.95009625
3.780718	0.95713663
3.782148	0.93835235
3.783579	0.94395977
3.785011	0.92678177
3.786444	0.95993423
3.787879	0.9568997
3.789314	0.89586663
3.790751	0.9411301
3.792188	0.92455864
3.793627	0.92418849
3.795066	0.94999641
3.796507	0.95492297
3.797949	0.92719841
3.799392	0.95949501
3.800836	0.94758928
3.802281	0.95136058
3.803728	0.94669217
3.805175	0.93691278
3.806623	0.95769572
3.808073	0.94813555
3.809524	0.93361479
3.810976	0.94484776
3.812428	0.92088282
3.813883	0.90906501
3.815338	0.95872676
3.816794	0.9364379
3.818251	0.95531189
3.81971	0.93153447
3.821169	0.96203256
3.82263	0.96199864
3.824092	0.95055944
3.825555	0.95507461
3.827019	0.94757408
3.828484	0.95974708
3.82995	0.95893532
3.831418	0.95580322
3.832886	0.94671106
3.834356	0.91208518
3.835827	0.93406242
3.837299	0.93548554
3.838772	0.93871599
3.840246	0.93045747
3.841721	0.93932849
3.843198	0.92290145
3.844675	0.93008983
3.846154	0.90838718
3.847634	0.90125489
3.849115	0.92741203
3.850597	0.91389698
3.85208	0.92874485
3.853565	0.92293829
3.85505	0.92350686
3.856537	0.90235221
3.858025	0.90758264
3.859514	0.8876729
3.861004	0.87643963
3.862495	0.89168906
3.863988	0.86198097
3.865481	0.83504963
3.866976	0.8762539
3.868472	0.80053872
3.869969	0.84678298
3.871467	0.78323698
3.872967	0.82025462
3.874467	0.75326037
3.875969	0.81782222
3.877472	0.72530848
3.878976	0.80756789
3.880481	0.70158702
3.881988	0.79566067
3.883495	0.79496592
3.885004	0.70649141
3.886514	0.79863757
3.888025	0.80401742
3.889537	0.7285974
3.891051	0.80793476
3.892565	0.81960821
3.894081	0.82771987
3.895598	0.79985321
3.897116	0.87968796
3.898635	0.89031816
3.900156	0.90447849
3.901678	0.90500009
3.903201	0.88520277
3.904725	0.87390196
3.90625	0.85215539
3.907776	0.85292435
3.909304	0.83803809
3.910833	0.78898913
3.912363	0.74134827
3.913894	0.81332994
3.915427	0.80500025
3.91696	0.80044776
3.918495	0.80293977
3.920031	0.80242443
3.921569	0.79987091
3.923107	0.80239606
3.924647	0.79757315
3.926188	0.80065674
3.92773	0.80194986
3.929273	0.80498737
3.930818	0.82058352
3.932363	0.82415652
3.93391	0.83159775
3.935458	0.83706129
3.937008	0.84174734
3.938559	0.84475869
3.94011	0.85091048
3.941663	0.84188837
3.943218	0.85061991
3.944773	0.86546057
3.94633	0.86848199
3.947888	0.87022293
3.949447	0.87708622
3.951008	0.87840402
3.952569	0.87505925
3.954132	0.87335956
3.955696	0.88675606
3.957262	0.88928264
3.958828	0.87210929
3.960396	0.89152038
3.961965	0.90372807
3.963536	0.89313442
3.965107	0.89218271
3.96668	0.89367437
3.968254	0.89223474
3.969829	0.89123279
3.971406	0.89082533
3.972984	0.89095819
3.974563	0.88089061
3.976143	0.86693174
3.977725	0.88644505
3.979308	0.87705505
3.980892	0.85598695
3.982477	0.88075334
3.984064	0.8791557
3.985652	0.87906313
3.987241	0.87984419
3.988831	0.87699807
3.990423	0.87774557
3.992016	0.87336487
3.99361	0.87140727
3.995206	0.8668465
3.996803	0.86810768
3.998401	0.8659181
4	0.86001384
4.001601	0.85825205
4.003202	0.85441464
4.004806	0.85229897
4.00641	0.84828496
4.008016	0.82025146
4.009623	0.81781328
4.011231	0.83816737
4.012841	0.83174658
4.014452	0.83218086
4.016064	0.830827
4.017678	0.82034087
4.019293	0.82335651
4.020909	0.82149845
4.022526	0.81768298
4.024145	0.79984802
4.025765	0.80699718
4.027386	0.80002069
4.029009	0.78014141
4.030633	0.79363531
4.032258	0.78429645
4.033885	0.78412747
4.035512	0.74647129
4.037142	0.76391113
4.038772	0.77047193
4.040404	0.76780111
4.042037	0.72757173
4.043672	0.75739139
4.045308	0.75214446
4.046945	0.7561053
4.048583	0.75442845
4.050223	0.73482978
4.051864	0.75329667
4.053506	0.7506597
4.05515	0.74941367
4.056795	0.74313438
4.058442	0.75554991
4.060089	0.75610507
4.061738	0.75616747
4.063389	0.75255287
4.065041	0.73897958
4.066694	0.73021674
4.068348	0.73208958
4.070004	0.72475225
4.071661	0.71966928
4.07332	0.71400911
4.07498	0.68885314
4.076641	0.70036948
4.078303	0.6910181
4.079967	0.68545711
4.081633	0.686773
4.083299	0.6826548
4.084967	0.65944904
4.086637	0.67646384
4.088307	0.67663538
4.08998	0.66932529
4.091653	0.66788858
4.093328	0.66560292
4.095004	0.66026407
4.096682	0.65099829
4.098361	0.66111845
4.100041	0.66053677
4.101723	0.65951204
4.103406	0.66178453
4.10509	0.65688252
4.106776	0.65609515
4.108463	0.6575529
4.110152	0.65114295
4.111842	0.64244121
4.113533	0.6467011
4.115226	0.64357162
4.11692	0.63747084
4.118616	0.6394524
4.120313	0.63712287
4.122012	0.6309728
4.123711	0.62632239
4.125412	0.62648845
4.127115	0.61594486
4.128819	0.61979812
4.130525	0.61130017
4.132231	0.60826796
4.13394	0.60675001
4.135649	0.59489536
4.137361	0.59393048
4.139073	0.58201957
4.140787	0.58093756
4.142502	0.57048184
4.144219	0.57090962
4.145937	0.56122732
4.147656	0.55543834
4.149378	0.55350548
4.1511	0.53890461
4.152824	0.53226662
4.154549	0.51685923
4.156276	0.51166922
4.158004	0.49570215
4.159734	0.48969814
4.161465	0.47639897
4.163198	0.46677575
4.164931	0.45211282
4.166667	0.44021231
4.168404	0.41896695
4.170142	0.39845112
4.171882	0.3754158
4.173623	0.35069671
4.175365	0.32025528
4.177109	0.27939436
4.178855	0.22397305
4.180602	0.14895532
4.182351	0.07755519
4.184101	0.05272005
4.185852	0.01309541
4.187605	0.00330241
4.189359	0.00028404
4.191115	0.00001331
4.192872	0.00000003
4.194631	0
4.196391	0
4.198153	0
4.199916	0
4.201681	0
4.203447	0
4.205215	0
4.206984	0
4.208754	0
4.210526	0
4.2123	0
4.214075	0
4.215852	0
4.21763	0
4.219409	0
4.22119	0
4.222973	0
4.224757	0
4.226542	0
4.22833	0
4.230118	0
4.231909	0
4.2337	0
4.235494	0
4.237288	0
4.239084	0
4.240882	0
4.242682	0
4.244482	0
4.246284	0
4.248088	0
4.249894	0
4.251701	0
4.253509	0
4.255319	0
4.257131	0
4.258944	0
4.260758	0
4.262575	0
4.264392	0
4.266212	0
4.268033	0
4.269855	0
4.271679	0
4.273504	0
4.275331	0
4.27716	0
4.27899	0
4.280822	0
4.282655	0
4.28449	0
4.286326	0
4.288165	0
4.290004	0
4.291845	0
4.293688	0
4.295533	0
4.297379	0
4.299226	0
4.301075	0
4.302926	0
4.304778	0
4.306632	0
4.308488	0
4.310345	0
4.312203	0
4.314064	0
4.315926	0
4.317789	0
4.319654	0
4.321521	0
4.32339	0
4.32526	0
4.327131	0
4.329004	0
4.330879	0
4.332756	0
4.334634	0
4.336514	0
4.338395	0
4.340278	0
4.342163	0
4.344049	0
4.345937	0
4.347826	0
4.349717	0
4.35161	0
4.353505	0
4.355401	0
4.357298	0
4.359198	0
4.361099	0
4.363002	0
4.364906	0
4.366812	0
4.36872	0
4.370629	0
4.37254	0
4.374453	0.00000001
4.376368	0.00000021
4.378284	0.00000194
4.380201	0.00000596
4.382121	0.00000013
4.384042	0.00000059
4.385965	0.00000012
4.387889	0.00000006
4.389816	0.00000004
4.391744	0
4.393673	0.00000007
4.395605	0.00000007
4.397537	0.00000001
4.399472	0.00000006
4.401409	0
4.403347	0.00000023
4.405286	0.00000005
4.407228	0.00000028
4.409171	0.00000224
4.411116	0.00000005
4.413063	0.00000172
4.415011	0
4.416961	0.0000047
4.418913	0.00000006
4.420866	0.00001339
4.422822	0.00000674
4.424779	0.00003582
4.426737	0.00001741
4.428698	0.00007542
4.43066	0.00030511
4.432624	0.00019706
4.43459	0.00046381
4.436557	0.00024421
4.438527	0.00085843
4.440497	0.00067301
4.44247	0.00190743
4.444445	0.0004666
4.446421	0.00265158
4.448399	0.00091796
4.450378	0.00534132
4.45236	0.00186568
4.454343	0.00613112
4.456328	0.00184223
4.458315	0.00708826
4.460303	0.00212408
4.462294	0.00773131
4.464286	0.00709023
4.46628	0.0038815
4.468275	0.00926483
4.470273	0.00491837
4.472272	0.01783501
4.474273	0.00400094
4.476276	0.02008568
4.478281	0.00520419
4.480287	0.03040957
4.482295	0.01262791
4.484305	0.03872545
4.486317	0.01784881
4.48833	0.04184674
4.490346	0.07720658
4.492363	0.05049457
4.494382	0.08773235
4.496403	0.22755374
4.498425	0.14592336
4.50045	0.09928987
4.502476	0.08223273
4.504505	0.1058802
4.506535	0.04044167
4.508566	0.05491202
4.5106	0.06422336
4.512635	0.06429403
4.514673	0.0687756
4.516712	0.04621472
4.518753	0.07637146
4.520796	0.08067365
4.52284	0.09706009
4.524887	0.04428066
4.526935	0.04791353
4.528986	0.09132525
4.531038	0.10335482
4.533092	0.08148182
4.535147	0.08350161
4.537205	0.07702634
4.539265	0.08449697
4.541326	0.1050946
4.543389	0.12540655
4.545455	0.09685722
4.547522	0.13353115
4.549591	0.14106378
4.551661	0.12272505
4.553734	0.16463852
4.555809	0.1455881
4.557885	0.16674039
4.559964	0.29898468
4.562044	0.19401565
4.564126	0.20768696
4.56621	0.15627275
4.568296	0.24424221
4.570384	0.27781874
4.572474	0.18772329
4.574565	0.31641254
4.576659	0.34626186
4.578754	0.41990513
4.580852	0.29379344
4.582952	0.4407289
4.585052	0.56464475
4.587156	0.34861928
4.589261	0.52468896
4.591368	0.57298023
4.593477	0.57657588
4.595588	0.43719041
4.597701	0.64380705
4.599816	0.74050069
4.601933	0.46356437
4.604052	0.67862177
4.606172	0.69076973
4.608295	0.73280513
4.61042	0.52885598
4.612546	0.79017961
4.614675	0.80311036
4.616805	0.54858869
4.618937	0.77196258
4.621072	0.82059479
4.623209	0.71847731
4.625347	0.43111444
4.627487	0.81953067
4.62963	0.85648775
4.631774	0.83496624
4.63392	0.61710548
4.636069	0.83447731
4.638219	0.88119739
4.640371	0.63666189
4.642526	0.86556345
4.644682	0.76142853
4.64684	0.8922596
4.649001	0.68434489
4.651163	0.9028222
4.653327	0.90978187
4.655493	0.87571186
4.657662	0.68680811
4.659832	0.89191759
4.662004	0.72321123
4.664179	0.92244422
4.666356	0.93350101
4.668534	0.9205265
4.670715	0.92676336
4.672897	0.87669051
4.675082	0.56544298
4.677269	0.83867919
4.679457	0.71492404
4.681648	0.47167191
4.683841	0.91159791
4.686036	0.9240185
4.688232	0.92125362
4.690432	0.66370368
4.692633	0.82443756
4.694836	0.63610357
4.697041	0.63405001
4.699248	0.54303765
4.701458	0.7298193
4.703669	0.78401542
4.705883	0.64102888
4.708098	0.44548225
4.710316	0.65471309
4.712535	0.6906054
4.714757	0.65848762
4.716981	0.48244193
4.719207	0.69493711
4.721436	0.69494212
4.723666	0.76100773
4.725898	0.48805884
4.728132	0.31812266
4.730369	0.65300709
4.732608	0.82839274
4.734848	0.61024219
4.737092	0.84876728
4.739336	0.73934895
4.741584	0.70063227
4.743833	0.6780352
4.746085	0.47595638
4.748338	0.65886134
4.750594	0.79552388
4.752851	0.75247008
4.755112	0.53836584
4.757374	0.79987538
4.759638	0.7420336
4.761905	0.64370793
4.764174	0.54618365
4.766444	0.78586417
4.768717	0.63957524
4.770992	0.78415692
4.77327	0.54212475
4.775549	0.49389645
4.777831	0.4853982
4.780115	0.73651296
4.782401	0.57859129
4.784689	0.19485284
4.786979	0.66943592
4.789272	0.74333715
4.791567	0.45062241
4.793864	0.63830882
4.796163	0.68743223
4.798464	0.67035002
4.800768	0.80869347
4.803074	0.4515256
4.805382	0.62242246
4.807693	0.72025996
4.810005	0.2755492
4.81232	0.06219212
4.814637	0.00905657
4.816956	0.67577332
4.819277	0.74706173
4.821601	0.44554505
4.823926	0.64634955
4.826255	0.61453718
4.828585	0.5786494
4.830918	0.77884579
4.833253	0.46194047
4.83559	0.56787097
4.837929	0.75089252
4.840271	0.17096558
4.842615	0.15961328
4.844961	0.33900979
4.84731	0.42471403
4.84966	0.79184318
4.852014	0.43480152
4.854369	0.24990644
4.856727	0.80698186
4.859087	0.52492821
4.861449	0.53377569
4.863813	0.84103554
4.86618	0.49138531
4.868549	0.48391452
4.870921	0.84699184
4.873294	0.47530222
4.87567	0.56472623
4.878049	0.85122663
4.880429	0.56846339
4.882812	0.66421032
4.885198	0.628079
4.887586	0.62482679
4.889976	0.87600094
4.892368	0.3549861
4.894763	0.67133147
4.89716	0.51196784
4.899559	0.13882187
4.901961	0.72421747
4.904365	0.90077156
4.906771	0.55979633
4.90918	0.72205609
4.911592	0.93413621
4.914005	0.88244975
4.916421	0.74814379
4.918839	0.93623567
4.92126	0.91150886
4.923683	0.92502916
4.926108	0.92484689
4.928536	0.92242783
4.930966	0.90013981
4.933399	0.42333242
4.935834	0.82753253
4.938272	0.90218741
4.940711	0.87403142
4.943154	0.39973816
4.945599	0.86997223
4.948046	0.85816234
4.950495	0.76069343
4.952947	0.19821426
4.955401	0.22220884
4.957858	0.04571052
4.960318	0.51138252
4.962779	0.82677883
4.965243	0.88728195
4.96771	0.91967195
4.970179	0.9138599
4.972651	0.91642863
4.975124	0.85201222
4.977601	0.56818038
4.98008	0.42411059
4.982561	0.7817027
4.985045	0.88198817
4.987531	0.93604243
4.99002	0.93061686
4.992511	0.92171705
4.995005	0.93280411
4.997501	0.90464038
5	0.84512049
5.002501	0.32715952
5.005005	0.82946795
5.007511	0.89371181
5.01002	0.87847841
5.012531	0.83178651
5.015045	0.64350414
5.017561	0.05903231
5.02008	0.005665
5.022602	0.34571278
5.025126	0.67693383
5.027652	0.38908929
5.030181	0.15643434
5.032712	0.69523495
5.035247	0.85647631
5.037783	0.87651587
5.040323	0.90911227
5.042864	0.90665001
5.045409	0.91183525
5.047956	0.82555616
5.050505	0.93503189
5.053057	0.93573338
5.055612	0.90825683
5.058169	0.90105611
5.060729	0.6241799
5.063291	0.90925837
5.065856	0.92874187
5.068424	0.91527033
5.070994	0.90772611
5.073567	0.89398831
5.076142	0.81783468
5.07872	0.70484328
5.081301	0.23670527
5.083884	0.03818696
5.08647	0.1193897
5.089058	0.69477761
5.09165	0.82671911
5.094244	0.86379719
5.09684	0.71896833
5.099439	0.27538618
5.102041	0.80877304
5.104645	0.87460023
5.107252	0.66786605
5.109862	0.7260381
5.112474	0.47441497
5.115089	0.17593437
5.117707	0.73702288
5.120327	0.87528861
5.122951	0.87625408
5.125576	0.78818786
5.128205	0.80834025
5.130836	0.60579449
5.13347	0.77339923
5.136107	0.41553319
5.138746	0.07943749
5.141388	0.1059161
5.144033	0.23671104
5.14668	0.00103354
5.149331	0.01809656
5.151984	0.35935059
5.154639	0.6261394
5.157298	0.70816708
5.159959	0.7428351
5.162622	0.76756775
5.165289	0.83353579
5.167959	0.7639935
5.170631	0.57934421
5.173306	0.10079475
5.175983	0.60881209
5.178664	0.84449214
5.181347	0.85969889
5.184033	0.83225149
5.186722	0.71451235
5.189414	0.75212765
5.192108	0.66952068
5.194805	0.47148243
5.197505	0.14136708
5.200208	0.00047939
5.202914	0.01799234
5.205622	0.29631791
5.208333	0.21801582
5.211048	0.04798065
5.213764	0.00000026
5.216484	0.06467343
5.219207	0.3533603
5.221932	0.41640219
5.22466	0.52528042
5.227392	0.56137329
5.230125	0.59259492
5.232862	0.25637215
5.235602	0.00251758
5.238345	0.13892339
5.24109	0.01487067
5.243838	0.36935866
5.24659	0.67462146
5.249344	0.43850824
5.252101	0.23993678
5.254861	0.70149297
5.257624	0.44103029
5.260389	0.7389456
5.263158	0.81450421
5.265929	0.73817277
5.268704	0.56382859
5.271482	0.5580489
5.274261	0.16735485
5.277045	0.00362199
5.279831	0.21585719
5.28262	0.40334934
5.285412	0.4279637
5.288208	0.15469174
5.291005	0.00057235
5.293806	0.01636856
5.29661	0.29766467
5.299417	0.53980887
5.302227	0.49012473
5.30504	0.06915835
5.307856	0.36328572
5.310675	0.72205031
5.313496	0.77918333
5.316321	0.77943873
5.319149	0.4602212
5.32198	0.46987236
5.324814	0.75911415
5.327651	0.51496744
5.330491	0.69957376
5.333333	0.69374418
5.336179	0.63223225
5.339028	0.5214051
5.34188	0.31524634
5.344736	0.01972078
5.347594	0.00059952
5.350455	0.00000143
5.353319	0.00000067
5.356186	0.00100996
5.359057	0.009
5.36193	0.26659673
5.364807	0.30393088
5.367687	0.54221082
5.370569	0.28812426
5.373455	0.37608945
5.376344	0.26548803
5.379236	0.1518161
5.382131	0.30478773
5.38503	0.63136613
5.387931	0.46746507
5.390836	0.68858045
5.393743	0.57606637
5.396654	0.58043242
5.399568	0.33294335
5.402485	0.5435093
5.405406	0.42863712
5.408329	0.13831404
5.411255	0.00131697
5.414185	0.02079048
5.417118	0.00175953
5.420054	0.00000584
5.422994	0
5.425936	0.00066276
5.428882	0.00849286
5.43183	0.20029022
5.434783	0.2957069
5.437738	0.21739347
5.440696	0.11707206
5.443658	0.00315596
5.446623	0.14406148
5.449591	0.16529557
5.452563	0.26097032
5.455537	0.09513541
5.458515	0.06940585
5.461496	0.00139946
5.464481	0
5.467469	0.00000012
5.470459	0.01414368
5.473454	0.04010194
5.476451	0.00197771
5.479452	0
5.482456	0.02524545
5.485464	0.05462375
5.488474	0.14007755
5.491488	0.25718203
5.494505	0.46894655
5.497526	0.51689672
5.50055	0.30127251
5.503577	0.09371602
5.506608	0.35302055
5.509642	0.40883327
5.512679	0.39447099
5.51572	0.13033718
5.518764	0.01179411
5.521811	0.00052797
5.524862	0.01459473
5.527916	0.10166308
5.530973	0.03969546
5.534034	0.1414745
5.537098	0.26203024
5.540166	0.07274685
5.543237	0.22828241
5.546312	0.04757296
5.549389	0.00145087
5.552471	0.00127971
5.555555	0.00003459
5.558644	0.00164612
5.561735	0.04407268
5.56483	0.01061291
5.567929	0.00007735
5.571031	0.00176987
5.574136	0.00066721
5.577245	0
5.580357	0
5.583473	0.00000003
5.586592	0.00334481
5.589715	0.04907449
5.592841	0.06307416
5.595971	0.17259678
5.599104	0.08187774
5.602241	0.0001484
5.605381	0.01393212
5.608525	0.07882592
5.611672	0.00967924
5.614823	0.00000796
5.617978	0.00205532
5.621135	0.00185392
5.624297	0.02363117
5.627462	0.03248563
5.63063	0.00031446
5.633803	0.00017101
5.636979	0.00002577
5.640158	0
5.643341	0
5.646527	0
5.649717	0.0002062
5.652911	0.0004163
5.656108	0.00000001
5.659309	0.00501862
5.662514	0.04922638
5.665722	0.03213305
5.668934	0.01171063
5.67215	0.00075231
5.675369	0
5.678592	0.00001278
5.681818	0.00797178
5.685048	0.00409382
5.688282	0.00079111
5.69152	0
5.694761	0.00125762
5.698006	0.0269508
5.701254	0.01790852
5.704506	0.00208593
5.707763	0.0000333
5.711022	0
5.714286	0.00000089
5.717553	0.00000002
5.720824	0.00000008
5.724099	0.00000056
5.727377	0.00012079
5.730659	0.00038533
5.733945	0.0000025
5.737235	0.00000008
5.740528	0.00040004
5.743825	0.00002925
5.747127	0
5.750431	0.00000013
5.75374	0.00001956
5.757052	0.00006126
5.760369	0.00000208
5.763689	0
5.767013	0
5.77034	0
5.773672	0.0000012
5.777008	0.00002801
5.780347	0
5.78369	0.00133861
5.787037	0.01433207
5.790388	0.00858255
5.793743	0.01930249
5.797101	0.02853154
5.800464	0.00366747
5.803831	0.0005324
5.807201	0.00188937
5.810575	0.00113015
5.813953	0.0000539
5.817336	0
5.820722	0
5.824112	0
5.827506	0
5.830904	0
5.834306	0
5.837712	0.00005727
5.841122	0.00083366
5.844535	0.0006774
5.847953	0.00000537
5.851375	0.00137678
5.854801	0.0003076
5.858231	0.00000008
5.861665	0
5.865103	0
5.868545	0
5.871991	0.00000001
5.875441	0
5.878895	0
5.882353	0
5.885815	0
5.889281	0
5.892752	0
5.896226	0
5.899705	0
5.903188	0.00000032
5.906674	0.00005561
5.910165	0.00013737
5.913661	0.0001138
5.91716	0.00000002
5.920663	0.00000111
5.92417	0.00000007
5.927682	0.00000013
5.931198	0
5.934718	0
5.938242	0
5.941771	0
5.945303	0.00000005
5.94884	0.00000014
5.952381	0
5.955926	0.00002276
5.959476	0.00009889
5.963029	0.00000957
5.966587	0
5.970149	0
5.973716	0.00000108
5.977286	0.00000801
5.980861	0
5.98444	0
5.988024	0
5.991612	0
5.995204	0.00000003
5.9988	0.00023328
6.002401	0.00106874
6.006006	0.00061558
6.009615	0.00002405
6.013229	0
6.016847	0.00000001
6.02047	0.00005876
6.024096	0.00103473
6.027728	0.00126888
6.031363	0.00044564
6.035003	0.00000412
6.038647	0.00000007
6.042296	0
6.045949	0
6.049607	0
6.053269	0
6.056935	0
6.060606	0
6.064281	0
6.067961	0
6.071645	0
6.075334	0
6.079027	0
6.082725	0.00004173
6.086427	0.00029361
6.090134	0.00032788
6.093845	0.00081694
6.097561	0.00012532
6.101281	0.00009539
6.105006	0
6.108736	0
6.112469	0
6.116208	0
6.119951	0.00000021
6.123699	0.00021248
6.127451	0.00145394
6.131208	0.00527371
6.134969	0.00472109
6.138735	0.00027519
6.142506	0
6.146282	0.00004333
6.150062	0.00022263
6.153846	0.00002092
6.157636	0
6.161429	0
6.165228	0.00004268
6.169032	0.00032294
6.17284	0.00038988
6.176652	0.00006184
6.18047	0.00000003
6.184292	0
6.188119	0
6.19195	0.00000697
6.195787	0.00113058
6.199628	0.00585772
6.203474	0.01229054
6.207325	0.02308022
6.21118	0.00212671
6.21504	0.00063553
6.218905	0.00793449
6.222775	0.0002803
6.22665	0.0399829
6.23053	0.07503908
6.234414	0.02744885
6.238303	0.00109842
6.242197	0.02400276
6.246096	0.00449421
6.25	0.09451825
6.253909	0.11570446
6.257822	0.1107963
6.261741	0.05363573
6.265664	0.00431886
6.269592	0.01758353
6.273526	0.00412627
6.277464	0.05600895
6.281407	0.0151462
6.285355	0.04334451
6.289308	0.00612263
6.293266	0.05757382
6.297229	0.09070816
6.301197	0.07351755
6.30517	0.07997312
6.309148	0.07178415
6.313131	0.05330145
6.31712	0.02236412
6.321113	0.01612782
6.325111	0.01596096
6.329114	0.00522186
6.333122	0.00043535
6.337136	0.00000028
6.341154	0
6.345178	0
6.349206	0
6.35324	0.00001029
6.357279	0.00004941
6.361323	0.0001518
6.365372	0.0000032
6.369427	0
6.373487	0
6.377551	0.00001634
6.381621	0.00020419
6.385696	0.00001933
6.389776	0
6.393862	0.00000162
6.397953	0.00000445
6.402049	0.00000005
6.40615	0
6.410256	0
6.414368	0
6.418485	0
6.422607	0
6.426735	0
6.430868	0
6.435007	0
6.43915	0.00000033
6.443299	0.00000513
6.447453	0.00000355
6.451613	0
6.455778	0.00001666
6.459949	0.00008028
6.464124	0.00005477
6.468305	0.00000001
6.472492	0
6.476684	0
6.480881	0
6.485085	0
6.489293	0
6.493506	0
6.497726	0
6.501951	0
6.506181	0.00000002
6.510417	0.00000032
6.514658	0.00000001
6.518905	0
6.523157	0
6.527415	0.00000007
6.531679	0.00002534
6.535948	0.00011623
6.540222	0.00000021
6.544503	0
6.548789	0.00000002
6.55308	0
6.557377	0
6.56168	0
6.565988	0
6.570302	0
6.574622	0
6.578948	0
6.583279	0.00000001
6.587615	0
6.591958	0
6.596306	0
6.60066	0
6.60502	0.00002586
6.609385	0.00000278
6.613757	0
6.618134	0.0000001
6.622517	0
6.626905	0
6.631299	0
6.6357	0
6.640106	0
6.644518	0
6.648936	0.00000059
6.65336	0.00004468
6.65779	0.00000395
6.662225	0.00001413
6.666667	0.0000034
6.671114	0
6.675568	0
6.680027	0
6.684492	0
6.688963	0.00000954
6.69344	0.0008094
6.697924	0.00105148
6.702413	0.00022823
6.706908	0
6.71141	0
6.715917	0
6.72043	0.00000016
6.724949	0
6.729475	0.00007879
6.734007	0.00687175
6.738544	0.01955032
6.743088	0.0266867
6.747638	0.00174745
6.752194	0.00018926
6.756757	0.01314346
6.761325	0.02746629
6.7659	0.00721071
6.770481	0.00013244
6.775068	0
6.779661	0.00000047
6.78426	0
6.788866	0
6.793478	0
6.798097	0.00000077
6.802721	0.00089775
6.807352	0.00809738
6.811989	0.00440596
6.816633	0.00148565
6.821282	0.00006066
6.825939	0
6.830601	0.00000971
6.83527	0.00212674
6.839945	0.00606433
6.844627	0.00212136
6.849315	0.00003923
6.85401	0
6.858711	0
6.863418	0
6.868132	0
6.872852	0.00000024
6.877579	0.00068581
6.882312	0.00288172
6.887053	0.00019463
6.891799	0.01569938
6.896552	0.02537796
6.901311	0.00369413
6.906077	0
6.91085	0.00124707
6.915629	0.01692231
6.920415	0.04366853
6.925208	0.16689028
6.930007	0.1327391
6.934813	0.13621689
6.939625	0.06531385
6.944445	0.06487601
6.94927	0.01550415
6.954103	0.00016096
6.958942	0
6.963789	0
6.968641	0.00132527
6.973501	0.00366595
6.978367	0.00696302
6.98324	0.01254523
6.98812	0.00664944
6.993007	0.00000001
6.9979	0.00263231
7.002801	0.02267672
7.007709	0.09078208
7.012623	0.07711291
7.017544	0.01821061
7.022472	0.00000109
7.027407	0.0037024
7.032349	0.01213764
7.037298	0.00066973
7.042253	0
7.047216	0
7.052186	0.00000715
7.057163	0.00012479
7.062147	0.00402973
7.067138	0.06802446
7.072136	0.18384786
7.077141	0.25852546
7.082153	0.00948319
7.087172	0.15163213
7.092198	0.05125574
7.097232	0.20861736
7.102273	0.30582783
7.10732	0.18430212
7.112376	0.03185616
7.117438	0.00000011
7.122507	0.01929583
7.127584	0.08517274
7.132668	0.17481163
7.137759	0.0576191
7.142857	0.00173989
7.147963	0
7.153076	0.00031527
7.158196	0.00698957
7.163324	0.00001373
7.168459	0.00000025
7.173601	0.0000001
7.178751	0.01881495
7.183908	0.11125446
7.189073	0.04237372
7.194244	0.11147589
7.199424	0.04680014
7.204611	0.00000513
7.209805	0.00002925
7.215007	0.0083976
7.220217	0.20548588
7.225433	0.34586248
7.230658	0.28943211
7.23589	0.2250341
7.241129	0.44603705
7.246377	0.05818162
7.251632	0.20221643
7.256894	0.02928174
7.262164	0.22501485
7.267442	0.05313249
7.272727	0.00000848
7.27802	0.00000318
7.283321	0.00561303
7.28863	0.05568451
7.293946	0.1839353
7.29927	0.15348934
7.304602	0.01158738
7.309941	0.07218945
7.315289	0.43612257
7.320644	0.27437472
7.326007	0.2140847
7.331378	0.02224769
7.336757	0.00000105
7.342144	0.00527226
7.347538	0.00052387
7.352941	0.13083337
7.358352	0.29299974
7.36377	0.1244834
7.369197	0.37063211
7.374631	0.15566783
7.380074	0.01435268
7.385524	0.36465472
7.390983	0.22229569
7.39645	0.26863286
7.401925	0.21251395
7.407407	0.33708847
7.412899	0.0762535
7.418397	0.21357353
7.423905	0.13066824
7.42942	0.32496729
7.434944	0.64295834
7.440476	0.42626384
7.446016	0.1114015
7.451565	0.06201563
7.457121	0.04070169
7.462687	0.00005551
7.46826	0.00118992
7.473842	0.00765214
7.479432	0.00674469
7.48503	0.1965211
7.490637	0.53850198
7.496252	0.56962109
7.501875	0.11546955
7.507507	0.19652916
7.513148	0.74968094
7.518797	0.27349657
7.524455	0.66330034
7.53012	0.41198844
7.535795	0.1243782
7.541478	0.59931809
7.54717	0.75069714
7.55287	0.51912737
7.558579	0.32302454
7.564297	0.22557202
7.570023	0.21131541
7.575758	0.04669373
7.581501	0.0049999
7.587254	0.11872155
7.593014	0.01344534
7.598784	0.22709116
7.604563	0.10641283
7.61035	0.08513365
7.616146	0.01674368
7.621951	0.11665919
7.627765	0.22619435
7.633588	0.4834336
7.63942	0.35998151
7.64526	0.06906001
7.651109	0.23567691
7.656968	0.00049904
7.662835	0.0038947
7.668712	0.01775908
7.674597	0.03824034
7.680491	0.03903401
7.686395	0.14089151
7.692307	0.06077433
7.698229	0.24680206
7.70416	0.081305
7.7101	0.05262958
7.716049	0.11442701
7.722008	0.09789995
7.727975	0.1802182
7.733952	0.18019211
7.739938	0.40129793
7.745934	0.10033856
7.751938	0.29662395
7.757952	0.1280809
7.763975	0.02904627
7.770008	0.08864312
7.77605	0.54776639
7.782101	0.73117274
7.788162	0.41063365
7.794232	0.12758973
7.800312	0.24425173
7.806401	0.35012841
7.8125	0.20549624
7.818608	0.42290306
7.824726	0.43451571
7.830853	0.16233651
7.83699	0.38036722
7.843137	0.11495027
7.849294	0.36360693
7.85546	0.30460161
7.861635	0.0347774
7.867821	0.0837577
7.874016	0.08027295
7.88022	0.14528419
7.886436	0.03928514
7.89266	0.16565377
7.898894	0.16017495
7.905138	0.21794854
7.911392	0.34857193
7.917656	0.27342603
7.92393	0.25261575
7.930214	0.19156669
7.936508	0.04571734
7.942812	0.36460808
7.949126	0.57782584
7.95545	0.44497773
7.961783	0.63914704
7.968127	0.45265466
7.974482	0.26862559
7.980846	0.47977427
7.98722	0.70514947
7.993605	0.75552076
8	0.5183869
8.006405	0.79527825
8.01282	0.2904821
8.019246	0.79417223
8.025682	0.49224851
8.032128	0.51053143
8.038586	0.36227363
8.045053	0.48382184
8.05153	0.6822204
8.058018	0.62372339
8.064516	0.87140357
8.071025	0.61391288
8.077544	0.78398186
8.084074	0.60464293
8.090615	0.57082206
8.097166	0.94921583
8.103727	0.95153815
8.1103	0.83057451
8.116883	0.96113783
8.123477	0.95303905
8.130081	0.69838762
8.136697	0.67737842
8.143323	0.9516114
8.14996	0.93671691
8.156607	0.59328622
8.163265	0.3388406
8.169934	0.84907037
8.176615	0.80805838
8.183306	0.82733017
8.190008	0.83819568
8.196721	0.75982893
8.203445	0.56743699
8.21018	0.84401101
8.216927	0.93694282
8.223684	0.86454725
8.230453	0.92664891
8.237232	0.95213825
8.244023	0.80820519
8.250825	0.39177907
8.257638	0.6461342
8.264462	0.89981478
8.271298	0.95078164
8.278146	0.95009577
8.285004	0.96653283
8.291874	0.92936397
8.298756	0.96679908
8.305648	0.95227987
8.312551	0.94418281
8.319468	0.93090528
8.326395	0.93730789
8.333333	0.95091581
8.340283	0.89481562
8.347245	0.57164878
8.354218	0.93650311
8.361204	0.93788838
8.368201	0.94047958
8.37521	0.93763328
8.38223	0.93209839
8.389262	0.93582326
8.396306	0.87134904
8.403361	0.92744255
8.410429	0.92346454
8.417508	0.88907295
8.4246	0.42447871
8.431704	0.88058114
8.438819	0.91857201
8.445946	0.87977719
8.453085	0.92441124
8.460237	0.91572207
8.467401	0.89440417
8.474576	0.9202193
8.481764	0.91044164
8.488964	0.91151923
8.496177	0.88512844
8.503402	0.89408147
8.510638	0.47772935
8.517887	0.67635489
8.525149	0.89656395
8.532423	0.91080713
8.53971	0.92963243
8.547009	0.93606657
8.55432	0.94424182
8.561644	0.94835323
8.56898	0.94292217
8.576329	0.86159849
8.583691	0.73757648
8.591065	0.92196286
8.598453	0.92720187
8.605852	0.92719191
8.613264	0.88073802
8.620689	0.91192299
8.628128	0.91261697
8.635578	0.91201043
8.643043	0.88288027
8.650519	0.90724665
8.658009	0.90772521
8.665511	0.90864164
8.673027	0.86205637
8.680555	0.74796659
8.688097	0.90274459
8.695652	0.8871696
8.70322	0.73197204
8.710801	0.90770948
8.718396	0.9167313
8.726004	0.91927749
8.733624	0.90277642
8.741259	0.9248327
8.748906	0.92204267
8.756567	0.91746318
8.764242	0.92002785
8.77193	0.93028247
8.779632	0.9272635
8.787346	0.90328854
8.795074	0.75681227
8.802817	0.55598205
8.810573	0.86756533
8.818342	0.91243094
8.826125	0.92608625
8.833922	0.93401748
8.841733	0.91598427
8.849558	0.92798489
8.857396	0.91899055
8.865249	0.92857873
8.873115	0.92862344
8.880995	0.91251391
8.888889	0.93067211
8.896797	0.90328205
8.904719	0.93074101
8.912656	0.90771621
8.920607	0.70980376
8.928572	0.94354749
8.93655	0.89887619
8.944544	0.91936767
8.952552	0.91951913
8.960573	0.94389397
8.96861	0.91850322
8.976661	0.93402022
8.984726	0.93122607
8.992805	0.81632942
9.0009	0.91099799
9.009009	0.94131374
9.017133	0.93536144
9.02527	0.93288064
9.033423	0.76768965
9.041592	0.92597294
9.049774	0.93153554
9.057971	0.93349946
9.066183	0.93333292
9.07441	0.91082329
9.082652	0.85776073
9.090909	0.8516131
9.099181	0.9200986
9.107468	0.92707443
9.11577	0.93217379
9.124087	0.93412125
9.132421	0.9114818
9.140768	0.92029905
9.149131	0.91387147
9.157509	0.91350591
9.165903	0.82285243
9.174312	0.89675617
9.182736	0.90073937
9.191176	0.87725931
9.199632	0.87890172
9.208103	0.8663969
9.21659	0.85858744
9.225092	0.91733569
9.23361	0.86001998
9.242145	0.84372467
9.250693	0.81586409
9.259259	0.82590944
9.26784	0.83361208
9.276438	0.91670233
9.285051	0.82752985
9.29368	0.81891209
9.302325	0.79171288
9.310987	0.85032767
9.319665	0.82159197
9.328359	0.83440316
9.337069	0.90421003
9.345795	0.82175833
9.354537	0.76584172
9.363296	0.7648887
9.372071	0.76744699
9.380863	0.55750412
9.389671	0.65823191
9.398497	0.59712249
9.407338	0.46555424
9.416196	0.44721514
9.425071	0.42535108
9.433962	0.39681023
9.442871	0.34660655
9.451796	0.34300441
9.460738	0.30515569
9.469697	0.2584413
9.478673	0.28215134
9.487666	0.24626003
9.496676	0.36320826
9.505703	0.25099552
9.514748	0.30310035
9.523809	0.35483545
9.532888	0.30026588
9.541985	0.35676908
9.551099	0.41303322
9.560229	0.5082134
9.569378	0.55374408
9.578544	0.7932061
9.587728	0.75362104
9.596929	0.52984089
9.606148	0.32157001
9.615385	0.3181484
9.62464	0.28064638
9.633911	0.37911463
9.643202	0.34760344
9.65251	0.40024862
9.661836	0.34416735
9.67118	0.46016762
9.680542	0.38385978
9.689922	0.45696363
9.699321	0.40768263
9.708738	0.40132204
9.718173	0.40082178
9.727627	0.44924235
9.737099	0.40618277
9.746589	0.49157685
9.756098	0.39572433
9.765625	0.45919606
9.775171	0.40511289
9.784736	0.46878096
9.794319	0.43131417
9.803922	0.50303429
9.813542	0.45416388
9.823183	0.48413524
9.832842	0.52274233
9.84252	0.55557191
9.852217	0.5641557
9.861933	0.50176102
9.871668	0.61134428
9.881423	0.57838446
9.891197	0.61530012
9.90099	0.58870107
9.910803	0.72070301
9.920635	0.66825676
9.930487	0.65834647
9.940358	0.70947617
9.950249	0.70377773
9.960159	0.74699152
9.97009	0.7711283
9.98004	0.74705034
9.99001	0.79972869
10	0.78961778
10.01001	0.84275639
10.020041	0.81535715
10.03009	0.84182531
10.04016	0.86066449
10.050251	0.89311922
10.060362	0.8780393
10.070494	0.89206094
10.080646	0.88397318
10.090817	0.92716354
10.10101	0.91203064
10.111223	0.90785396
10.121457	0.92943472
10.131712	0.92104626
10.141988	0.94275999
10.152285	0.92386097
10.162601	0.92614305
10.17294	0.92384231
10.183299	0.91803157
10.19368	0.91406721
10.204082	0.91404128
10.214504	0.95434475
10.224949	0.90739423
10.235415	0.89471632
10.245902	0.87718856
10.256411	0.89793408
10.26694	0.94781411
10.277493	0.88404191
10.288066	0.88904405
10.298661	0.88789868
10.309278	0.96342832
10.319918	0.90556842
10.330579	0.91291523
10.341262	0.95138079
10.351967	0.91768193
10.362695	0.93370777
10.373444	0.97070837
10.384216	0.95161128
10.39501	0.96614414
10.405828	0.97469735
10.416667	0.97006744
10.427528	0.95448136
10.438414	0.94489449
10.449321	0.97304028
10.460251	0.92411536
10.471204	0.90620661
10.482181	0.96804422
10.493179	0.89399815
10.504202	0.97035629
10.515247	0.90594518
10.526316	0.9694671
10.537408	0.90148097
10.548523	0.8377704
10.559662	0.96557993
10.570825	0.90343732
10.58201	0.96260762
10.593221	0.90731913
10.604454	0.96817297
10.615711	0.91096038
10.626992	0.9128738
10.638298	0.97030973
10.649628	0.92257774
10.660981	0.97095144
10.672359	0.92655349
10.683761	0.97115153
10.695188	0.9322772
10.706638	0.969733
10.718114	0.93744695
10.729613	0.96459734
10.741138	0.93827021
10.752688	0.96512163
10.764262	0.93931526
10.775862	0.96809238
10.787486	0.94982481
10.799136	0.96739376
10.810811	0.91560459
10.822511	0.97063625
10.834236	0.94924647
10.845987	0.90022874
10.857763	0.94924933
10.869565	0.96710658
10.881392	0.96238172
10.893247	0.95797205
10.905126	0.96272236
10.91703	0.96760571
10.928962	0.96701187
10.940919	0.95507103
10.952903	0.96775937
10.964912	0.96589077
10.976949	0.96605593
10.989011	0.95985395
11.001101	0.87288362
11.013216	0.96317649
11.025358	0.96660197
11.037528	0.95166397
11.049724	0.96976584
11.061947	0.972269
11.074197	0.97302699
11.086474	0.97241807
11.098779	0.97405088
11.111111	0.97293091
11.12347	0.97231513
11.135858	0.96810573
11.148272	0.97107744
11.160714	0.96449345
11.173184	0.96966231
11.185682	0.97228962
11.198208	0.9706893
11.210762	0.96852893
11.223345	0.95886898
11.235955	0.96188885
11.248594	0.94566464
11.261261	0.96465802
11.273957	0.89872009
11.286682	0.97046536
11.299435	0.96894729
11.312217	0.92945993
11.325028	0.96132529
11.337869	0.97158045
11.350738	0.96240419
11.363636	0.97411364
11.376564	0.9252165
11.389522	0.96992201
11.402509	0.97419006
11.415525	0.97330248
11.428572	0.9751637
11.441648	0.97483438
11.454754	0.9738763
11.46789	0.97163969
11.481056	0.90479124
11.494253	0.97497112
11.50748	0.97417659
11.520738	0.97369725
11.534025	0.9755922
11.547344	0.97297794
11.560694	0.9171145
11.574074	0.97175866
11.587485	0.97657228
11.600928	0.97755235
11.614402	0.97788996
11.627907	0.97289324
11.641443	0.96606833
11.655011	0.97692513
11.668612	0.97599334
11.682243	0.97435844
11.695907	0.88399392
11.709601	0.96215862
11.72333	0.86907148
11.737089	0.80334628
11.750881	0.96351868
11.764706	0.87374234
11.778563	0.9616636
11.792453	0.96622199
11.806376	0.966241
11.820331	0.96549243
11.834319	0.96766287
11.848341	0.96897507
11.862396	0.97010553
11.876485	0.95943004
11.890607	0.97045112
11.904762	0.87955999
11.918951	0.97371191
11.933174	0.97400308
11.947432	0.97677916
11.961722	0.96462607
11.976048	0.97635525
11.990408	0.97711062
12.004802	0.97677171
12.019231	0.97851205
12.033694	0.97601879
12.048193	0.97492284
12.062726	0.97142804
12.077294	0.88385332
12.091898	0.95507783
12.106538	0.977247
12.121212	0.93884414
12.135922	0.97782451
12.150668	0.9684394
12.16545	0.96649593
12.180268	0.97656208
12.195122	0.96280932
12.210012	0.95909083
12.224938	0.97531837
12.239902	0.9525435
12.254902	0.9454003
12.269938	0.88905323
12.285012	0.86728507
12.300123	0.9704203
12.315271	0.93887073
12.330456	0.93229675
12.345679	0.97126067
12.360939	0.92079782
12.376238	0.81308401
12.391574	0.96178579
12.406948	0.90345627
12.42236	0.91736889
12.437811	0.82363212
12.4533	0.81906754
12.468828	0.91619164
12.484394	0.96304643
12.5	0.9105019
12.515644	0.54900974
12.531328	0.82535636
12.547051	0.90612143
12.562814	0.6645605
12.578616	0.90837175
12.594459	0.7765789
12.61034	0.82870156
12.626263	0.34977898
12.642225	0.78958935
12.658228	0.95045847
12.674272	0.96295476
12.690355	0.95235264
12.70648	0.94148946
12.722647	0.9568274
12.738853	0.89136934
12.755102	0.66379285
12.771392	0.94852924
12.787724	0.91224182
12.804097	0.91624683
12.820513	0.93411303
12.83697	0.81662399
12.853471	0.93787098
12.870013	0.69384539
12.886598	0.75483841
12.903226	0.93183488
12.919897	0.86353326
12.93661	0.86207694
12.953368	0.89983302
12.970169	0.82655883
12.987013	0.78963774
13.003901	0.746387
13.020833	0.75797236
13.037809	0.90094769
13.054831	0.72487795
13.071896	0.6692034
13.089005	0.89748812
13.10616	0.62569618
13.12336	0.56733
13.140604	0.86428607
13.157895	0.50538605
13.175231	0.5006339
13.192612	0.68561512
13.210039	0.26945397
13.227513	0.27821255
13.245033	0.4854272
13.262599	0.25309309
13.280212	0.24930008
13.297873	0.5157367
13.315579	0.26393908
13.333333	0.19119504
13.351135	0.49089095
13.368984	0.17700614
13.386881	0.18938182
13.404826	0.4046011
13.422819	0.14532769
13.44086	0.12235872
13.45895	0.30826446
13.477089	0.00344598
13.495276	0.0009602
13.513514	0.09217861
13.531799	0.03592059
13.550136	0.03305011
13.568521	0.15584192
13.586957	0.0579687
13.605442	0.05148489
13.623979	0.14992009
13.642565	0.04952445
13.661202	0.05794942
13.679891	0.09061529
13.69863	0.04854312
13.717422	0.05137857
13.736263	0.20084941
13.755158	0.04936481
13.774105	0.22490729
13.793103	0.07566407
13.812155	0.0407428
13.831259	0.11477789
13.850415	0.01286236
13.869625	0
13.888889	0
13.908206	0.0000114
13.927577	0.00134484
13.947001	0.00999385
13.96648	0.02666999
13.986014	0.0093061
14.005602	0.01573882
14.025246	0.00712078
14.044944	0.00933834
14.064697	0.0015563
14.084507	0.00206224
14.104372	0.00178244
14.124293	0.00100256
14.144272	0.00045329
14.164306	0.00040504
14.184397	0.00002574
14.204545	0.00002189
14.224751	0.00000765
14.245014	0.00000966
14.265335	0.00000074
14.285714	0.00000002
14.306151	0.0000001
14.326648	0.00000006
14.347202	0
14.367816	0
14.388489	0
14.409222	0
14.430015	0
14.450867	0
14.47178	0
14.492754	0
14.513788	0
14.534883	0
14.556041	0
14.577259	0
14.59854	0
14.619883	0
14.641289	0
14.662757	0
14.684288	0
14.705882	0
14.72754	0
14.749263	0
14.771049	0
14.792899	0
14.814815	0
14.836795	0
14.858841	0
14.880953	0
14.90313	0
14.925373	0
14.947683	0
14.970059	0
14.992504	0
15.015015	0
15.037594	0
15.060241	0
15.082956	0
15.105741	0
15.128593	0
15.151515	0
15.174507	0
15.197568	0
15.2207	0
15.243902	0
15.267176	0
15.29052	0
15.313935	0
15.337423	0
15.360983	0
15.384615	0
15.40832	0
15.432098	0
15.455951	0
15.479877	0
15.503876	0
15.52795	0
15.552099	0
15.576324	0
15.600624	0
15.625	0
15.649452	0
15.673981	0.00000017
15.698587	0.00000005
15.72327	0.00000039
15.748032	0.00000148
15.772871	0.00000805
15.797789	0.00001456
15.822784	0.00008528
15.84786	0.00007014
15.873015	0.00037175
15.898252	0.00086579
15.923567	0.00078096
15.948963	0.00079916
15.974441	0.00479893
16	0.00142057
16.02564	0.00340025
16.051365	0.03314022
16.077171	0.01893892
16.10306	0.00486821
16.129032	0.04357119
16.155088	0.00331939
16.181231	0
16.207455	0
16.233767	0.00001956
16.260162	0.01761672
16.286644	0.03099467
16.313213	0.01769963
16.339869	0.11840487
16.366611	0.04058352
16.393442	0.12061661
16.420361	0.03552191
16.447369	0.04050538
16.474464	0.09517939
16.50165	0.03773444
16.528925	0.06811652
16.556292	0.08963814
16.583748	0.04791152
16.611296	0.09404979
16.638935	0.20007695
16.666666	0.01729197
16.69449	0.27488565
16.722408	0.07321483
16.75042	0.00032964
16.778524	0.1000403
16.806723	0.02196567
16.835016	0.08576456
16.863407	0.21526234
16.891891	0.00487658
16.920473	0.18690017
16.949152	0.09250961
16.977928	0.01230318
17.006804	0.50765264
17.035774	0.22747408
17.064846	0.23149541
17.094017	0.23476657
17.123287	0.24671696
17.152658	0.36368129
17.182131	0.39012691
17.211704	0.01730105
17.241379	0.3671695
17.271156	0.40565896
17.301039	0.43161643
17.331022	0.48813117
17.361111	0.05584801
17.391304	0.43157712
17.421602	0.66694713
17.452007	0.61525434
17.482517	0.62007284
17.513134	0.31912574
17.543859	0.33689249
17.574692	0.10895738
17.605635	0.36507326
17.636684	0.11672509
17.667845	0.66962415
17.699116	0.74494886
17.730497	0.64273655
17.76199	0.35419223
17.793594	0.84059465
17.825312	0.80455118
17.857143	0.82640147
17.889088	0.83232874
17.921146	0.73961014
17.953321	0.62563461
17.985611	0.81241864
18.018019	0.29626405
18.050541	0.65953541
18.083183	0.83411825
18.115942	0.7335906
18.148821	0.64071363
18.181818	0.20613299
18.214935	0.70734978
18.248175	0.2292884
18.281536	0.36426428
18.315018	0.11376132
18.348623	0.14961393
18.382353	0.61041296
18.416206	0.83180088
18.450184	0.81392336
18.484289	0.39417568
18.518518	0.69346857
18.552876	0.86532015
18.58736	0.77263182
18.621973	0.51370877
18.656717	0.20230098
18.691589	0.76034331
18.726591	0.55473363
18.761726	0.77573359
18.796993	0.85063571
18.832392	0.86344355
18.867924	0.81901896
18.903591	0.71007955
18.939394	0.71517807
18.975332	0.35850129
19.011406	0.00536855
19.047619	0.31915316
19.083969	0.59244066
19.120459	0.70146817
19.157087	0.72036743
19.193857	0.53341419
19.23077	0.04233605
19.267822	0.15058629
19.305019	0.04036386
19.34236	0.00761153
19.379845	0.20594288
19.417475	0.28003472
19.455254	0.49389312
19.493177	0.75370818
19.53125	0.52694088
19.569471	0.25649777
19.607843	0.33023205
19.646366	0.64828843
19.68504	0.28864542
19.723866	0.00697988
19.762846	0.27294725
19.801981	0.47260332
19.84127	0.22288768
19.880716	0.14282532
19.920319	0.00576572
19.960079	0.29535362
20	0.56822455
20.040081	0.72754139
20.08032	0.77175534
20.120724	0.78674108
20.161291	0.77388984
20.202021	0.73472005
20.242914	0.41606727
20.283976	0.40525055
20.325203	0.01001283
20.366598	0.40054113
20.408163	0.50902402
20.449898	0.69983685
20.491804	0.68371052
20.53388	0.58081204
20.576132	0.13806859
20.618557	0.24711022
20.661158	0.00258134
20.703934	0.25536573
20.746887	0.54713434
20.79002	0.27568343
20.833334	0.61330265
20.876827	0.66542327
20.920502	0.67501509
20.964361	0.50388688
21.008404	0.23688518
21.052631	0.44084683
21.097046	0.11741835
21.141649	0.00015143
21.186441	0.00024349
21.231422	0.08207703
21.276596	0.30191731
21.321962	0.13364792
21.367521	0.02682848
21.413277	0.25709587
21.459227	0.47744679
21.505377	0.61295211
21.551723	0.48571956
21.598272	0.49442744
21.645021	0.27669412
21.691975	0.08336325
21.73913	0.20614234
21.786491	0.03151714
21.834061	0
21.881838	0.00012183
21.929825	0.07400259
21.978022	0.15508819
22.026432	0.19454253
22.075056	0.00359091
22.123894	0.08249477
22.172949	0.36760277
22.222221	0.30855849
22.271715	0.49244422
22.321428	0.3185403
22.371365	0.01753915
22.421524	0.08634565
22.47191	0.2708436
22.522522	0.0249148
22.573364	0.01157714
22.624434	0.00010625
22.675737	0.10379025
22.727272	0.36061305
22.779043	0.39097255
22.831051	0.37364864
22.883295	0.14987697
22.93578	0.03653471
22.988506	0.04763507
23.041475	0.28913999
23.094688	0.40496472
23.148148	0.19469203
23.201857	0.01845305
23.255814	0.29274395
23.310022	0.26483878
23.364487	0.35712573
23.419203	0.19509846
23.474178	0.02294207
23.529411	0.00916491
23.584906	0.02387086
23.640661	0.00001554
23.696682	0.01077761
23.75297	0.0017813
23.809525	0
23.866348	0
23.923445	0
23.980816	0.00179468
24.038462	0.0517385
24.096386	0.05834934
24.154589	0.22011063
24.213076	0.28330645
24.271845	0.30663639
24.3309	0.32938999
24.390244	0.30213445
24.449877	0.32910985
24.509804	0.31793231
24.570024	0.29929888
24.630543	0.24856859
24.691359	0.12909964
24.752476	0.20569094
24.813896	0.15648226
24.875622	0.07558103
24.937656	0.00498352
25	0.00000144
25.062656	0
25.125628	0
25.188917	0
25.252525	0.00000074
25.316456	0.0000166
25.380711	0.0000002
25.445293	0.01483663
25.510204	0.06725505
25.575447	0.12045932
25.641026	0.0963143
