200	8.10706
201	7.4614
202	6.71451
203	5.48581
204	4.19481
205	5.28145
206	5.2725
207	5.5885
208	6.66401
209	7.28164
210	7.0203
211	7.48655
212	7.5653
213	7.1097
214	6.71571
215	6.85941
216	7.15683
217	7.639
218	8.09398
219	8.41503
220	8.64433
221	8.66261
222	8.52287
223	8.55289
224	8.58306
225	8.51491
226	8.418
227	8.55303
228	8.61179
229	8.53679
230	8.59169
231	8.68677
232	8.70068
233	8.72262
234	8.82533
235	8.89531
236	8.88817
237	8.85198
238	8.76952
239	8.72391
240	8.69637
241	8.70481
242	8.76653
243	8.85136
244	8.96028
245	9.03372
246	9.08917
247	9.06825
248	9.01719
249	8.91253
250	8.79386
251	8.67145
252	8.57838
253	8.5197
254	8.46792
255	8.4594
256	8.42739
257	8.38027
258	8.21319
259	8.04501
260	7.88099
261	7.71793
262	7.56909
263	7.48532
264	7.35635
265	7.17648
266	6.99106
267	6.76606
268	6.54449
269	6.38198
270	6.24583
271	6.16365
272	6.13163
273	6.14746
274	6.14957
275	6.14323
276	6.09583
277	6.02654
278	5.92657
279	5.82448
280	5.74726
281	5.70733
282	5.72807
283	5.79318
284	5.89843
285	6.0255
286	6.16665
287	6.25853
288	6.33352
289	6.40644
290	6.44989
291	6.49542
292	6.58295
293	6.72474
294	6.87914
295	7.10126
296	7.32523
297	7.5549
298	7.68119
299	7.77118
300	7.78486
301	7.82434
302	7.86038
303	8.00726
304	8.16582
305	8.35963
306	8.60168
307	8.82697
308	8.97839
309	9.0666
310	9.07414
311	8.97489
312	9.04734
313	9.09833
314	9.1827
315	9.31264
316	9.46606
317	9.53108
318	9.68791
319	9.85091
320	10.06327
321	10.38462
322	10.73618
323	11.19291
324	11.79445
325	12.37715
326	12.98762
327	13.70848
328	14.47504
329	15.31178
330	16.31728
331	17.38041
332	18.43915
333	19.54891
334	20.67461
335	21.81963
336	22.94561
337	24.07959
338	25.128
339	26.19081
340	27.40796
341	28.63593
342	29.88126
343	31.21353
344	32.6374
345	33.98546
346	35.4705
347	37.02521
348	38.60852
349	40.28144
350	42.05737
351	43.88988
352	45.77854
353	47.77225
354	49.78747
355	51.7642
356	53.78062
357	55.86594
358	58.07966
359	60.3013
360	62.64755
361	64.98197
362	67.25261
363	69.31675
364	71.42543
365	73.43206
366	75.39709
367	77.26061
368	79.13222
369	80.73822
370	82.24092
371	83.53304
372	84.71131
373	85.71668
374	86.66836
375	87.47253
376	88.28003
377	89.00195
378	89.7423
379	90.41989
380	91.11723
381	91.67575
382	92.15331
383	92.5238
384	92.85294
385	93.05891
386	93.2846
387	93.52734
388	93.70672
389	93.87161
390	94.02355
391	94.15177
392	94.26258
393	94.36413
394	94.38928
395	94.4069
396	94.41665
397	94.37625
398	94.31879
399	94.28753
400	94.25014
401	94.11897
402	94.0187
403	93.88311
404	93.70831
405	93.52812
406	93.34292
407	93.12553
408	92.95488
409	92.81696
410	92.65557
411	92.529
412	92.37483
413	92.16458
414	91.91733
415	91.64882
416	91.33184
417	91.01951
418	90.72027
419	90.39269
420	90.07671
421	89.8171
422	89.54659
423	89.29702
424	89.07911
425	88.82679
426	88.53153
427	88.28143
428	87.98911
429	87.67451
430	87.39689
431	87.12211
432	86.83497
433	86.60127
434	86.41212
435	86.22742
436	86.08184
437	85.91927
438	85.76725
439	85.6109
440	85.48675
441	85.33845
442	85.23432
443	85.10857
444	84.99241
445	84.87778
446	84.80499
447	84.74685
448	84.68101
449	84.60617
450	84.53663
451	84.44541
452	84.34138
453	84.24882
454	84.17097
455	84.08534
456	84.00332
457	83.96008
458	83.95675
459	83.95091
460	83.95234
461	83.97337
462	83.97535
463	83.963
464	83.99074
465	84.02766
466	84.10006
467	84.18403
468	84.30175
469	84.42225
470	84.56227
471	84.70055
472	84.85728
473	85.0112
474	85.17372
475	85.35327
476	85.56139
477	85.77068
478	85.98806
479	86.23455
480	86.48632
481	86.73491
482	86.99775
483	87.24116
484	87.49055
485	87.71373
486	87.90427
487	88.10037
488	88.33293
489	88.52697
490	88.73483
491	88.97886
492	89.1576
493	89.33639
494	89.49433
495	89.65143
496	89.75292
497	89.86719
498	89.95581
499	90.0235
500	90.06348
501	90.12101
502	90.18746
503	90.19242
504	90.21449
505	90.23436
506	90.22818
507	90.19405
508	90.19691
509	90.16992
510	90.10744
511	90.04597
512	89.97825
513	89.90533
514	89.82832
515	89.75617
516	89.67525
517	89.56914
518	89.45642
519	89.32847
520	89.2034
521	89.06854
522	88.94049
523	88.78969
524	88.65323
525	88.50667
526	88.35477
527	88.19158
528	88.01675
529	87.81772
530	87.62877
531	87.47126
532	87.29975
533	87.16568
534	87.04546
535	86.90296
536	86.72159
537	86.57146
538	86.39257
539	86.19293
540	86.0071
541	85.84715
542	85.68718
543	85.54621
544	85.41576
545	85.30636
546	85.18464
547	85.05513
548	84.92502
549	84.79857
550	84.6818
551	84.54975
552	84.45139
553	84.34768
554	84.28198
555	84.1799
556	84.09623
557	83.98498
558	83.90652
559	83.8072
560	83.73156
561	83.66243
562	83.60407
563	83.5288
564	83.45925
565	83.39085
566	83.31477
567	83.25875
568	83.21452
569	83.14686
570	83.08507
571	83.04353
572	83.00671
573	82.94336
574	82.92271
575	82.88855
576	82.86027
577	82.80286
578	82.77603
579	82.73252
580	82.68543
581	82.63964
582	82.61792
583	82.57026
584	82.53434
585	82.52733
586	82.50292
587	82.4951
588	82.49573
589	82.50852
590	82.50661
591	82.50015
592	82.49122
593	82.50748
594	82.49677
595	82.53115
596	82.55524
597	82.57658
598	82.5895
599	82.6298
600	82.6448
601	82.6785
602	82.76149
603	82.81637
604	82.87768
605	82.97399
606	83.07016
607	83.14006
608	83.22548
609	83.31869
610	83.38854
611	83.49241
612	83.57596
613	83.67899
614	83.79139
615	83.89608
616	84.01737
617	84.13755
618	84.26451
619	84.41633
620	84.58306
621	84.73836
622	84.91302
623	85.09606
624	85.23437
625	85.37954
626	85.51157
627	85.66597
628	85.83794
629	86.0116
630	86.19775
631	86.40432
632	86.59228
633	86.76772
634	86.96996
635	87.12802
636	87.27748
637	87.42802
638	87.60081
639	87.78471
640	88.01518
641	88.25891
642	88.48387
643	88.70256
644	88.85974
645	89.00069
646	89.15385
647	89.29847
648	89.45448
649	89.67096
650	89.94187
651	90.19085
652	90.4637
653	90.69861
654	90.90003
655	91.05357
656	91.20525
657	91.37331
658	91.56768
659	91.77586
660	91.97044
661	92.18344
662	92.35847
663	92.49085
664	92.63217
665	92.76951
666	92.87513
667	93.00097
668	93.12323
669	93.25779
670	93.42174
671	93.62768
672	93.79258
673	93.98142
674	94.12976
675	94.27116
676	94.37643
677	94.50765
678	94.63416
679	94.78131
680	94.95155
681	95.12455
682	95.27597
683	95.42773
684	95.5824
685	95.68745
686	95.77947
687	95.93137
688	96.06559
689	96.18791
690	96.29855
691	96.46727
692	96.55356
693	96.63528
694	96.67895
695	96.7082
696	96.66421
697	96.70201
698	96.74027
699	96.85973
700	96.99209
701	97.22288
702	97.35337
703	97.50302
704	97.50042
705	97.5129
706	97.39976
707	97.38101
708	97.34354
709	97.46538
710	97.58805
711	97.76179
712	97.85366
713	97.93868
714	97.92555
715	97.83805
716	97.75167
717	97.7033
718	97.67996
719	97.71091
720	97.84538
721	97.85598
722	97.87576
723	97.92205
724	97.96142
725	97.9969
726	98.02425
727	98.02813
728	98.03427
729	98.04847
730	98.05462
731	98.06268
732	98.07455
733	98.08307
734	98.09175
735	98.09353
736	98.10201
737	98.1092
738	98.12225
739	98.12233
740	98.12483
741	98.12631
742	98.11943
743	98.11816
744	98.12618
745	98.12652
746	98.12399
747	98.1228
748	98.11812
749	98.12509
750	98.12433
751	98.12558
752	98.12279
753	98.12861
754	98.12074
755	98.11414
756	98.1103
757	98.11121
758	98.11576
759	98.12244
760	98.11719
761	98.11747
762	98.10993
763	98.111
764	98.10714
765	98.11047
766	98.11627
767	98.11371
768	98.11412
769	98.11506
770	98.11204
771	98.10846
772	98.1077
773	98.11076
774	98.10553
775	98.10581
776	98.1122
777	98.10697
778	98.10813
779	98.11619
780	98.11411
781	98.1103
782	98.11086
783	98.10727
784	98.10135
785	98.11279
786	98.11246
787	98.09927
788	98.09312
789	98.09521
790	98.09142
791	98.09066
792	98.08862
793	98.0948
794	98.09439
795	98.09368
796	98.08868
797	98.08238
798	98.08318
799	98.08588
800	98.08797
801	98.08384
802	98.07809
803	98.07513
804	98.07705
805	98.07235
806	98.07112
807	98.05595
808	98.05576
809	98.05793
810	98.05647
811	98.05236
812	98.05472
813	98.06053
814	98.0631
815	98.05191
816	98.05808
817	98.058
818	98.05766
819	98.05987
820	98.05642
821	98.05701
822	98.05494
823	98.04861
824	98.02931
825	98.02315
826	98.01592
827	98.00672
828	97.99716
829	98.00333
830	98.00402
831	98.00524
832	97.99679
833	97.98736
834	97.98746
835	97.98448
836	97.96882
837	97.97259
838	97.98777
839	98.00018
840	98.0109
841	98.00814
842	97.998
843	97.97107
844	97.96325
845	97.95036
846	97.96248
847	97.96231
848	97.99885
849	97.95331
850	97.97337
851	97.92335
852	97.98074
853	97.91214
854	98.10386
855	98.15018
856	98.0475
857	98.12974
858	97.74688
859	98.35275
860	97.81319
861	98.28627
862	97.93234
863	98.43943
864	97.6083
865	98.2766
866	98.1601
867	97.87469
868	98.22151
869	97.58331
870	98.54974
871	97.61295
872	98.04528
873	97.87501
874	98.16525
875	97.76198
876	98.08032
877	97.75586
878	97.70481
879	97.59396
880	97.85131
881	97.55896
882	97.66682
883	97.46548
884	97.46274
885	97.352
886	97.62737
887	97.57994
888	97.3115
889	97.42888
890	97.26565
891	97.66462
892	97.423
893	97.63728
894	97.49755
895	98.43874
896	96.73671
897	98.8917
898	97.17928
899	98.33456
900	98.08265
901	98.60403
902	98.09522
903	97.5182
904	98.41339
905	97.98218
906	96.80467
907	98.72026
908	96.95345
909	98.03204
910	97.09343
911	98.02693
912	96.61862
913	97.89741
914	97.3346
915	97.368
916	97.34189
917	97.64409
918	97.23988
919	97.23517
920	97.02227
921	97.21057
922	97.08886
923	97.31276
924	97.28865
925	97.06075
926	97.10325
927	96.99904
928	97.29264
929	97.12514
930	97.22694
931	97.19323
932	97.14893
933	97.13303
934	97.25623
935	97.26923
936	97.23062
937	97.30992
938	97.33802
939	97.39372
940	97.34802
941	97.42232
942	97.43662
943	97.45752
944	97.41301
945	97.52281
946	97.46821
947	97.53441
948	97.58181
949	97.58521
950	97.5884
951	97.5257
952	97.5898
953	97.5772
954	97.6136
955	97.5622
956	97.5995
957	97.5532
958	97.58
959	97.5934
960	97.5827
961	97.5915
962	97.5541
963	97.5922
964	97.5508
965	97.5775
966	97.5731
967	97.578
968	97.5405
969	97.5536
970	97.533
971	97.5131
972	97.5314
973	97.4984
974	97.5401
975	97.4801
976	97.5067
977	97.4917
978	97.4836
979	97.4365
980	97.4613
981	97.4403
982	97.4063
983	97.4038
984	97.3576
985	97.3907
986	97.3433
987	97.3996
988	97.3654
989	97.7074
990	97.4167
991	97.4809
992	97.6008
993	97.3898
994	97.6768
995	97.2513
996	97.6168
997	97.3735
998	97.5631
999	97.2268
1000	97.174
1001	97.2266
1002	97.2274
1003	97.202
1004	97.1535
1005	97.1333
1006	97.2111
1007	97.1644
1008	97.1483
1009	97.1787
1010	97.2304
1011	97.1443
1012	97.1601
1013	97.1597
1014	97.239
1015	97.2395
1016	97.1806
1017	97.1802
1018	97.1766
1019	97.1742
1020	97.1964
1021	97.2284
1022	97.139
1023	97.1333
1024	97.1362
1025	97.1594
1026	97.1686
1027	97.0935
1028	97.1431
1029	97.1397
1030	97.1081
1031	97.0452
1032	97.1607
1033	97.1539
1034	97.1705
1035	97.0787
1036	97.1196
1037	97.1978
1038	97.2163
1039	97.1888
1040	97.2295
1041	97.2444
1042	97.2077
1043	97.2576
1044	97.2765
1045	97.3309
1046	97.3339
1047	97.2929
1048	97.3042
1049	97.2842
1050	97.2903
1051	97.3288
1052	97.3721
1053	97.2747
1054	97.2666
1055	97.2593
1056	97.2951
1057	97.3055
1058	97.2434
1059	97.2893
1060	97.294
1061	97.2535
1062	97.1973
1063	97.314
1064	97.3091
1065	97.32
1066	97.2445
1067	97.268
1068	97.3428
1069	97.3295
1070	97.3073
1071	97.3536
1072	97.3999
1073	97.3108
1074	97.3417
1075	97.3457
1076	97.4425
1077	97.4292
1078	97.3638
1079	97.368
1080	97.3879
1081	97.3644
1082	97.3436
1083	97.4135
1084	97.3749
1085	97.375
1086	97.3094
1087	97.3286
1088	97.3908
1089	97.3884
1090	97.3828
1091	97.3962
1092	97.3946
1093	97.334
1094	97.3908
1095	97.385
1096	97.4365
1097	97.4092
1098	97.3473
1099	97.3496
1100	97.3299
1101	97.3092
1102	97.3048
1103	97.3522
1104	97.2686
1105	97.2554
1106	97.1952
1107	97.2162
1108	97.2465
1109	97.2187
1110	97.2124
1111	97.2083
1112	97.1717
1113	97.101
1114	97.1617
1115	97.139
1116	97.1664
1117	97.1018
1118	97.0391
1119	97.0223
1120	96.9779
1121	96.9281
1122	96.9106
1123	96.9227
1124	96.7981
1125	96.7512
1126	96.6565
1127	96.6479
1128	96.6333
1129	96.5639
1130	96.5214
1131	96.4819
1132	96.4088
1133	96.2982
1134	96.326
1135	96.2714
1136	96.2622
1137	96.1663
1138	96.0744
1139	96.0283
1140	95.9532
1141	95.8766
1142	95.8307
1143	95.8124
1144	95.662
1145	95.5937
1146	95.4738
1147	95.4417
1148	95.41
1149	95.3236
1150	95.2672
1151	95.208
1152	95.1205
1153	94.995
1154	95.0092
1155	94.9458
1156	94.9289
1157	94.8313
1158	94.7358
1159	94.6847
1160	94.6095
1161	94.54
1162	94.4961
1163	94.4937
1164	94.3643
1165	94.3105
1166	94.2131
1167	94.1982
1168	94.1859
1169	94.1281
1170	94.098
1171	94.0708
1172	94.019
1173	93.9314
1174	93.9685
1175	93.9352
1176	93.9563
1177	93.8895
1178	93.8192
1179	93.7994
1180	93.7523
1181	93.6998
1182	93.6692
1183	93.6846
1184	93.5742
1185	93.5288
1186	93.4239
1187	93.405
1188	93.3908
1189	93.3227
1190	93.269
1191	93.2202
1192	93.1532
1193	93.0312
1194	93.0214
1195	92.9467
1196	92.9327
1197	92.8332
1198	92.7185
1199	92.6575
1200	92.5878
1201	92.5096
1202	92.4581
1203	92.4598
1204	92.358
1205	92.3231
1206	92.2364
1207	92.2433
1208	92.2854
1209	92.2748
1210	92.29
1211	92.3282
1212	92.3624
1213	92.3425
1214	92.4476
1215	92.511
1216	92.6483
1217	92.7125
1218	92.7587
1219	92.8762
1220	92.9859
1221	93.0851
1222	93.2081
1223	93.4089
1224	93.4968
1225	93.6335
1226	93.7079
1227	93.8603
1228	94.0549
1229	94.1678
1230	94.2904
1231	94.4448
1232	94.5816
1233	94.6131
1234	94.7583
1235	94.8681
1236	95.0396
1237	95.1206
1238	95.1525
1239	95.2503
1240	95.3363
1241	95.3702
1242	95.4173
1243	95.5575
1244	95.6014
1245	95.6563
1246	95.6429
1247	95.6964
1248	95.7907
1249	95.8218
1250	95.8423
1251	95.9284
1252	95.991
1253	95.931
1254	95.9659
1255	95.9705
1256	96.0557
1257	96.0756
1258	96.0543
1259	96.0782
1260	96.1239
1261	96.1035
1262	96.066
1263	96.1747
1264	96.1865
1265	96.2605
1266	96.2128
1267	96.2151
1268	96.2559
1269	96.2641
1270	96.2468
1271	96.2694
1272	96.3578
1273	96.2874
1274	96.3023
1275	96.2446
1276	96.2903
1277	96.3545
1278	96.3301
1279	96.3468
1280	96.3893
1281	96.4117
1282	96.329
1283	96.382
1284	96.3962
1285	96.468
1286	96.4613
1287	96.4067
1288	96.4296
1289	96.4396
1290	96.4004
1291	96.3798
1292	96.4735
1293	96.4683
1294	96.4848
1295	96.4246
1296	96.4359
1297	96.49
1298	96.4931
1299	96.4662
1300	96.5256
1301	96.5702
1302	96.4761
1303	96.4826
1304	96.4355
1305	96.5055
1306	96.5158
1307	96.4857
1308	96.486
1309	96.5161
1310	96.4914
1311	96.4164
1312	96.5085
1313	96.5055
1314	96.5742
1315	96.5262
1316	96.4879
1317	96.5908
1318	96.4809
1319	96.5896
1320	96.3992
1321	96.5967
1322	96.4923
1323	96.5131
1324	96.4475
1325	96.4588
1326	96.4884
1327	96.3616
1328	96.3452
1329	96.2788
1330	96.3126
1331	96.2777
1332	96.2106
1333	96.1694
1334	96.1639
1335	96.094
1336	95.9654
1337	95.9473
1338	96.0203
1339	95.8054
1340	95.9142
1341	95.6657
1342	95.7835
1343	95.5357
1344	95.649
1345	95.4678
1346	95.4699
1347	95.4148
1348	95.2568
1349	95.2485
1350	95.2342
1351	95.1395
1352	95.0617
1353	95.0382
1354	94.9692
1355	94.7727
1356	94.7644
1357	94.6881
1358	94.6996
1359	94.6003
1360	94.4403
1361	94.3824
1362	94.3087
1363	94.1661
1364	94.0529
1365	94.0894
1366	93.9669
1367	93.8669
1368	93.6899
1369	93.6053
1370	93.5959
1371	93.4859
1372	93.3621
1373	93.3428
1374	93.2968
1375	93.079
1376	93.0076
1377	92.9258
1378	92.9293
1379	92.8336
1380	92.6783
1381	92.608
1382	92.5599
1383	92.4235
1384	92.2961
1385	92.3556
1386	92.2862
1387	92.2481
1388	92.1126
1389	92.0742
1390	92.0947
1391	92.0405
1392	91.9708
1393	91.9996
1394	92.0198
1395	91.8644
1396	91.8336
1397	91.7906
1398	91.8244
1399	91.7775
1400	91.6769
1401	91.6554
1402	91.6436
1403	91.5492
1404	91.4494
1405	91.5245
1406	91.4737
1407	91.444
1408	91.3304
1409	91.3004
1410	91.3205
1411	91.2576
1412	91.1937
1413	91.2026
1414	91.2131
1415	91.058
1416	91.034
1417	91.0078
1418	91.0575
1419	91.018
1420	90.9228
1421	90.927
1422	90.9349
1423	90.8755
1424	90.8169
1425	90.9215
1426	90.9005
1427	90.8958
1428	90.7979
1429	90.8165
1430	90.8799
1431	90.8697
1432	90.8462
1433	90.8912
1434	90.9246
1435	90.8356
1436	90.865
1437	90.8681
1438	90.9677
1439	90.9487
1440	90.8936
1441	90.8936
1442	90.927
1443	90.8899
1444	90.8875
1445	90.9629
1446	90.9331
1447	90.9408
1448	90.8793
1449	90.899
1450	90.9414
1451	90.9426
1452	90.9351
1453	90.9462
1454	90.9095
1455	90.8512
1456	90.8875
1457	90.862
1458	90.8499
1459	90.7878
1460	90.717
1461	90.6865
1462	90.5947
1463	90.5021
1464	90.4621
1465	90.41
1466	90.2037
1467	90.0927
1468	89.9681
1469	89.9002
1470	89.7554
1471	89.565
1472	89.4572
1473	89.3302
1474	89.1484
1475	88.963
1476	88.9363
1477	88.799
1478	88.6876
1479	88.4788
1480	88.4017
1481	88.3646
1482	88.2753
1483	88.1736
1484	88.1613
1485	88.1358
1486	88.0297
1487	88.0388
1488	88.028
1489	88.1063
1490	88.1129
1491	88.1071
1492	88.1486
1493	88.2187
1494	88.2586
1495	88.3589
1496	88.4702
1497	88.4998
1498	88.5904
1499	88.6861
1500	88.8101
1501	88.924
1502	88.9923
1503	89.1433
1504	89.2628
1505	89.3472
1506	89.4193
1507	89.634
1508	89.7404
1509	89.8723
1510	89.9014
1511	90.0488
1512	90.2181
1513	90.3381
1514	90.4113
1515	90.5562
1516	90.659
1517	90.719
1518	90.8418
1519	90.9409
1520	91.0698
1521	91.1608
1522	91.2269
1523	91.3165
1524	91.3718
1525	91.4364
1526	91.5401
1527	91.6454
1528	91.6234
1529	91.7002
1530	91.7539
1531	91.8805
1532	91.9044
1533	91.9124
1534	91.9545
1535	92.0382
1536	92.0545
1537	92.086
1538	92.1632
1539	92.1832
1540	92.2158
1541	92.2203
1542	92.2502
1543	92.2991
1544	92.3212
1545	92.384
1546	92.4138
1547	92.4143
1548	92.4152
1549	92.5271
1550	92.5465
1551	92.5871
1552	92.5402
1553	92.6004
1554	92.6765
1555	92.7191
1556	92.7074
1557	92.7673
1558	92.7833
1559	92.7863
1560	92.8365
1561	92.872
1562	92.905
1563	92.9303
1564	92.9432
1565	92.9806
1566	92.9593
1567	92.9771
1568	93.0279
1569	93.085
1570	93.0063
1571	93.0337
1572	93.0234
1573	93.1262
1574	93.0977
1575	93.0875
1576	93.0664
1577	93.1125
1578	93.089
1579	93.129
1580	93.1408
1581	93.1095
1582	93.1144
1583	93.1376
1584	93.1624
1585	93.1739
1586	93.1333
1587	93.1795
1588	93.1926
1589	93.1738
1590	93.1287
1591	93.2222
1592	93.2154
1593	93.227
1594	93.1517
1595	93.1764
1596	93.2023
1597	93.2161
1598	93.2098
1599	93.228
1600	93.1938
1601	93.1757
1602	93.2428
1603	93.2416
1604	93.2275
1605	93.1796
1606	93.1767
1607	93.2399
1608	93.1976
1609	93.1638
1610	93.1954
1611	93.2317
1612	93.1031
1613	93.108
1614	93.0687
1615	93.1725
1616	93.119
1617	93.0525
1618	92.9969
1619	93.0075
1620	92.9355
1621	92.9433
1622	92.9355
1623	92.8293
1624	92.7864
1625	92.7251
1626	92.7013
1627	92.6622
1628	92.5744
1629	92.5673
1630	92.5282
1631	92.4222
1632	92.2961
1633	92.3917
1634	92.329
1635	92.2645
1636	92.1074
1637	92.0381
1638	92.0735
1639	91.9367
1640	91.8343
1641	91.7274
1642	91.7188
1643	91.4254
1644	91.2859
1645	91.1298
1646	90.9878
1647	90.8913
1648	90.514
1649	90.3573
1650	90.0563
1651	89.8753
1652	89.4859
1653	89.3145
1654	89.0227
1655	88.719
1656	88.4445
1657	88.0697
1658	87.8543
1659	87.5165
1660	87.2529
1661	86.9363
1662	86.6774
1663	86.381
1664	86.1276
1665	85.8787
1666	85.6362
1667	85.4327
1668	85.2116
1669	85.0216
1670	84.8286
1671	84.6671
1672	84.508
1673	84.3567
1674	84.2093
1675	84.0773
1676	83.9364
1677	83.7961
1678	83.6618
1679	83.517
1680	83.3726
1681	83.2131
1682	83.0476
1683	82.8775
1684	82.69
1685	82.4888
1686	82.2795
1687	82.0541
1688	81.8126
1689	81.5688
1690	81.3151
1691	81.0549
1692	80.7908
1693	80.5166
1694	80.2407
1695	79.9663
1696	79.6872
1697	79.4147
1698	79.1433
1699	78.8704
1700	78.6111
1701	78.354
1702	78.1114
1703	77.8683
1704	77.6355
1705	77.418
1706	77.2015
1707	76.9842
1708	76.7878
1709	76.5967
1710	76.4074
1711	76.2265
1712	76.0498
1713	75.8868
1714	75.7244
1715	75.5668
1716	75.4225
1717	75.2937
1718	75.172
1719	75.0668
1720	74.9866
1721	74.9097
1722	74.8585
1723	74.8223
1724	74.8092
1725	74.8162
1726	74.8471
1727	74.9029
1728	74.9922
1729	75.0958
1730	75.2265
1731	75.3787
1732	75.5403
1733	75.7256
1734	75.9119
1735	76.1148
1736	76.3188
1737	76.5239
1738	76.727
1739	76.9326
1740	77.1204
1741	77.2956
1742	77.4727
1743	77.6247
1744	77.7654
1745	77.8824
1746	77.9923
1747	78.0915
1748	78.1642
1749	78.2227
1750	78.2775
1751	78.3134
1752	78.3356
1753	78.3617
1754	78.3807
1755	78.4049
1756	78.4258
1757	78.4611
1758	78.5061
1759	78.5587
1760	78.6125
1761	78.6921
1762	78.7837
1763	78.8737
1764	78.9942
1765	79.1169
1766	79.2759
1767	79.4284
1768	79.5842
1769	79.7594
1770	79.9482
1771	80.1231
1772	80.3137
1773	80.5204
1774	80.6972
1775	80.8939
1776	81.0654
1777	81.2456
1778	81.407
1779	81.5596
1780	81.7037
1781	81.8612
1782	81.9877
1783	82.0989
1784	82.2216
1785	82.3212
1786	82.4179
1787	82.4904
1788	82.5677
1789	82.6492
1790	82.7093
1791	82.7522
1792	82.805
1793	82.8439
1794	82.8689
1795	82.9082
1796	82.9335
1797	82.9704
1798	82.9939
1799	83.0255
1800	83.0536
1801	83.08
1802	83.1015
1803	83.1241
1804	83.1467
1805	83.172
1806	83.1951
1807	83.2192
1808	83.2454
1809	83.2737
1810	83.3009
1811	83.3221
1812	83.3489
1813	83.385
1814	83.4092
1815	83.4398
1816	83.4808
1817	83.5115
1818	83.5457
1819	83.5701
1820	83.6059
1821	83.6364
1822	83.6734
1823	83.7083
1824	83.7477
1825	83.7925
1826	83.8325
1827	83.8664
1828	83.9131
1829	83.9561
1830	84.0136
1831	84.0624
1832	84.1161
1833	84.1723
1834	84.2347
1835	84.2769
1836	84.342
1837	84.4135
1838	84.4616
1839	84.5272
1840	84.5795
1841	84.6493
1842	84.7015
1843	84.7423
1844	84.798
1845	84.8682
1846	84.913
1847	84.9544
1848	85.0256
1849	85.0572
1850	85.1086
1851	85.1311
1852	85.1758
1853	85.2238
1854	85.2544
1855	85.2631
1856	85.3053
1857	85.3377
1858	85.3278
1859	85.367
1860	85.368
1861	85.3983
1862	85.3944
1863	85.3732
1864	85.3699
1865	85.3767
1866	85.3416
1867	85.2941
1868	85.2901
1869	85.2333
1870	85.1916
1871	85.1223
1872	85.0641
1873	85.0265
1874	84.9566
1875	84.8605
1876	84.7914
1877	84.7339
1878	84.6168
1879	84.5438
1880	84.4304
1881	84.3445
1882	84.2407
1883	84.1146
1884	83.9997
1885	83.904
1886	83.7775
1887	83.6445
1888	83.5446
1889	83.4218
1890	83.3107
1891	83.1862
1892	83.0777
1893	82.9756
1894	82.8636
1895	82.7308
1896	82.6289
1897	82.5183
1898	82.3869
1899	82.2789
1900	82.161
1901	82.0665
1902	81.9472
1903	81.8464
1904	81.7482
1905	81.6548
1906	81.5476
1907	81.4598
1908	81.3786
1909	81.2898
1910	81.2169
1911	81.1302
1912	81.0581
1913	80.9866
1914	80.9143
1915	80.8458
1916	80.7863
1917	80.73
1918	80.6812
1919	80.6257
1920	80.5775
1921	80.534
1922	80.4934
1923	80.4557
1924	80.4246
1925	80.4013
1926	80.3675
1927	80.3316
1928	80.311
1929	80.2757
1930	80.2409
1931	80.228
1932	80.1977
1933	80.179
1934	80.1425
1935	80.116
1936	80.0908
1937	80.0634
1938	80.0385
1939	80.0146
1940	79.9844
1941	79.9525
1942	79.9162
1943	79.8787
1944	79.8357
1945	79.795
1946	79.7457
1947	79.6911
1948	79.6318
1949	79.5698
1950	79.5024
1951	79.4301
1952	79.3533
1953	79.2762
1954	79.1875
1955	79.1015
1956	79.0112
1957	78.9189
1958	78.8269
1959	78.7324
1960	78.639
1961	78.5429
1962	78.4549
1963	78.3613
1964	78.2762
1965	78.2012
1966	78.13
1967	78.0605
1968	77.9944
1969	77.9384
1970	77.8791
1971	77.8287
1972	77.7896
1973	77.758
1974	77.728
1975	77.7243
1976	77.6912
1977	77.6817
1978	77.6599
1979	77.6571
1980	77.6465
1981	77.6247
1982	77.623
1983	77.6255
1984	77.6125
1985	77.6026
1986	77.6121
1987	77.5978
1988	77.5881
1989	77.5697
1990	77.554
1991	77.5326
1992	77.5051
1993	77.4884
1994	77.466
1995	77.3661
1996	77.382
1997	77.2757
1998	77.2489
1999	77.2059
2000	77.2059
	