0.2	0.1177578
0.201	0.11562093
0.202	0.11348406
0.203	0.11134719
0.204	0.10921032
0.205	0.10707345
0.206	0.10493658
0.207	0.10279971
0.208	0.10066284
0.209	0.09852597
0.21	0.0963891
0.211	0.09553683
0.212	0.09468456
0.213	0.09383229
0.214	0.09298002
0.215	0.09212775
0.216	0.09127548
0.217	0.09042321
0.218	0.08957094
0.219	0.08871867
0.22	0.0878664
0.221	0.08843433
0.222	0.08900226
0.223	0.08957019
0.224	0.09013812
0.225	0.09070605
0.226	0.09127398
0.227	0.09184191
0.228	0.09240984
0.229	0.09297777
0.23	0.0935457
0.231	0.09662134
0.232	0.09969698
0.233	0.10277262
0.234	0.10584826
0.235	0.1089239
0.236	0.11199954
0.237	0.11507518
0.238	0.11815082
0.239	0.12122646
0.24	0.1243021
0.241	0.12977869
0.242	0.13525528
0.243	0.14073187
0.244	0.14620846
0.245	0.15168505
0.246	0.15716164
0.247	0.16263823
0.248	0.16811482
0.249	0.17359141
0.25	0.179068
0.251	0.18328762
0.252	0.18750724
0.253	0.19172686
0.254	0.19594648
0.255	0.2001661
0.256	0.20438572
0.257	0.20860534
0.258	0.21282496
0.259	0.21704458
0.26	0.2212642
0.261	0.22864413
0.262	0.23602406
0.263	0.24340399
0.264	0.25078392
0.265	0.25816385
0.266	0.26554378
0.267	0.27292371
0.268	0.28030364
0.269	0.28768357
0.27	0.2950635
0.271	0.30555127
0.272	0.31603904
0.273	0.32652681
0.274	0.33701458
0.275	0.34750235
0.276	0.35799012
0.277	0.36847789
0.278	0.37896566
0.279	0.38945343
0.28	0.3999412
0.281	0.4099745
0.282	0.4200078
0.283	0.4300411
0.284	0.4400744
0.285	0.4501077
0.286	0.460141
0.287	0.4701743
0.288	0.4802076
0.289	0.4902409
0.29	0.5002742
0.291	0.50833554
0.292	0.51639688
0.293	0.52445822
0.294	0.53251956
0.295	0.5405809
0.296	0.54864224
0.297	0.55670358
0.298	0.56476492
0.299	0.57282626
0.3	0.5808876
0.301	0.58696776
0.302	0.59304792
0.303	0.59912808
0.304	0.60520824
0.305	0.6112884
0.306	0.61736856
0.307	0.62344872
0.308	0.62952888
0.309	0.63560904
0.31	0.6416892
0.311	0.64408915
0.312	0.6464891
0.313	0.64888905
0.314	0.651289
0.315	0.65368895
0.316	0.6560889
0.317	0.65848885
0.318	0.6608888
0.319	0.66328875
0.32	0.6656887
0.321	0.66952591
0.322	0.67336312
0.323	0.67720033
0.324	0.68103754
0.325	0.68487475
0.326	0.68871196
0.327	0.69254917
0.328	0.69638638
0.329	0.70022359
0.33	0.7040608
0.331	0.70890669
0.332	0.71375258
0.333	0.71859847
0.334	0.72344436
0.335	0.72829025
0.336	0.73313614
0.337	0.73798203
0.338	0.74282792
0.339	0.74767381
0.34	0.7525197
0.341	0.75795488
0.342	0.76339006
0.343	0.76882524
0.344	0.77426042
0.345	0.7796956
0.346	0.78513078
0.347	0.79056596
0.348	0.79600114
0.349	0.80143632
0.35	0.8068715
0.351	0.80962716
0.352	0.81238282
0.353	0.81513848
0.354	0.81789414
0.355	0.8206498
0.356	0.82340546
0.357	0.82616112
0.358	0.82891678
0.359	0.83167244
0.36	0.8344281
0.361	0.83631816
0.362	0.83820822
0.363	0.84009828
0.364	0.84198834
0.365	0.8438784
0.366	0.84576846
0.367	0.84765852
0.368	0.84954858
0.369	0.85143864
0.37	0.8533287
0.371	0.85488596
0.372	0.85644322
0.373	0.85800048
0.374	0.85955774
0.375	0.861115
0.376	0.86267226
0.377	0.86422952
0.378	0.86578678
0.379	0.86734404
0.38	0.8689013
0.381	0.87041409
0.382	0.87192688
0.383	0.87343967
0.384	0.87495246
0.385	0.87646525
0.386	0.87797804
0.387	0.87949083
0.388	0.88100362
0.389	0.88251641
0.39	0.8840292
0.391	0.88545195
0.392	0.8868747
0.393	0.88829745
0.394	0.8897202
0.395	0.89114295
0.396	0.8925657
0.397	0.89398845
0.398	0.8954112
0.399	0.89683395
0.4	0.8982567
0.401	0.89931811
0.402	0.90037952
0.403	0.90144093
0.404	0.90250234
0.405	0.90356375
0.406	0.90462516
0.407	0.90568657
0.408	0.90674798
0.409	0.90780939
0.41	0.9088708
0.411	0.90976305
0.412	0.9106553
0.413	0.91154755
0.414	0.9124398
0.415	0.91333205
0.416	0.9142243
0.417	0.91511655
0.418	0.9160088
0.419	0.91690105
0.42	0.9177933
0.421	0.91847031
0.422	0.91914732
0.423	0.91982433
0.424	0.92050134
0.425	0.92117835
0.426	0.92185536
0.427	0.92253237
0.428	0.92320938
0.429	0.92388639
0.43	0.9245634
0.431	0.92522397
0.432	0.92588454
0.433	0.92654511
0.434	0.92720568
0.435	0.92786625
0.436	0.92852682
0.437	0.92918739
0.438	0.92984796
0.439	0.93050853
0.44	0.9311691
0.441	0.93187187
0.442	0.93257464
0.443	0.93327741
0.444	0.93398018
0.445	0.93468295
0.446	0.93538572
0.447	0.93608849
0.448	0.93679126
0.449	0.93749403
0.45	0.9381968
0.451	0.938811
0.452	0.9394252
0.453	0.9400394
0.454	0.9406536
0.455	0.9412678
0.456	0.941882
0.457	0.9424962
0.458	0.9431104
0.459	0.9437246
0.46	0.9443388
0.461	0.9449299
0.462	0.945521
0.463	0.9461121
0.464	0.9467032
0.465	0.9472943
0.466	0.9478854
0.467	0.9484765
0.468	0.9490676
0.469	0.9496587
0.47	0.9502498
0.471	0.95073025
0.472	0.9512107
0.473	0.95169115
0.474	0.9521716
0.475	0.95265205
0.476	0.9531325
0.477	0.95361295
0.478	0.9540934
0.479	0.95457385
0.48	0.9550543
0.481	0.95548351
0.482	0.95591272
0.483	0.95634193
0.484	0.95677114
0.485	0.95720035
0.486	0.95762956
0.487	0.95805877
0.488	0.95848798
0.489	0.95891719
0.49	0.9593464
0.491	0.95966792
0.492	0.95998944
0.493	0.96031096
0.494	0.96063248
0.495	0.960954
0.496	0.96127552
0.497	0.96159704
0.498	0.96191856
0.499	0.96224008
0.5	0.9625616
0.501	0.96282865
0.502	0.9630957
0.503	0.96336275
0.504	0.9636298
0.505	0.96389685
0.506	0.9641639
0.507	0.96443095
0.508	0.964698
0.509	0.96496505
0.51	0.9652321
0.511	0.96541328
0.512	0.96559446
0.513	0.96577564
0.514	0.96595682
0.515	0.966138
0.516	0.96631918
0.517	0.96650036
0.518	0.96668154
0.519	0.96686272
0.52	0.9670439
0.521	0.96721546
0.522	0.96738702
0.523	0.96755858
0.524	0.96773014
0.525	0.9679017
0.526	0.96807326
0.527	0.96824482
0.528	0.96841638
0.529	0.96858794
0.53	0.9687595
0.531	0.96895515
0.532	0.9691508
0.533	0.96934645
0.534	0.9695421
0.535	0.96973775
0.536	0.9699334
0.537	0.97012905
0.538	0.9703247
0.539	0.97052035
0.54	0.970716
0.541	0.97085477
0.542	0.97099354
0.543	0.97113231
0.544	0.97127108
0.545	0.97140985
0.546	0.97154862
0.547	0.97168739
0.548	0.97182616
0.549	0.97196493
0.55	0.9721037
0.551	0.97216652
0.552	0.97222934
0.553	0.97229216
0.554	0.97235498
0.555	0.9724178
0.556	0.97248062
0.557	0.97254344
0.558	0.97260626
0.559	0.97266908
0.56	0.9727319
0.561	0.97277825
0.562	0.9728246
0.563	0.97287095
0.564	0.9729173
0.565	0.97296365
0.566	0.97301
0.567	0.97305635
0.568	0.9731027
0.569	0.97314905
0.57	0.9731954
0.571	0.97319457
0.572	0.97319374
0.573	0.97319291
0.574	0.97319208
0.575	0.97319125
0.576	0.97319042
0.577	0.97318959
0.578	0.97318876
0.579	0.97318793
0.58	0.9731871
0.581	0.97312104
0.582	0.97305498
0.583	0.97298892
0.584	0.97292286
0.585	0.9728568
0.586	0.97279074
0.587	0.97272468
0.588	0.97265862
0.589	0.97259256
0.59	0.9725265
0.591	0.97245035
0.592	0.9723742
0.593	0.97229805
0.594	0.9722219
0.595	0.97214575
0.596	0.9720696
0.597	0.97199345
0.598	0.9719173
0.599	0.97184115
0.6	0.971765
0.601	0.97173525
0.602	0.9717055
0.603	0.97167575
0.604	0.971646
0.605	0.97161625
0.606	0.9715865
0.607	0.97155675
0.608	0.971527
0.609	0.97149725
0.61	0.9714675
0.611	0.97140074
0.612	0.97133398
0.613	0.97126722
0.614	0.97120046
0.615	0.9711337
0.616	0.97106694
0.617	0.97100018
0.618	0.97093342
0.619	0.97086666
0.62	0.9707999
0.621	0.97075933
0.622	0.97071876
0.623	0.97067819
0.624	0.97063762
0.625	0.97059705
0.626	0.97055648
0.627	0.97051591
0.628	0.97047534
0.629	0.97043477
0.63	0.9703942
0.631	0.97046555
0.632	0.9705369
0.633	0.97060825
0.634	0.9706796
0.635	0.97075095
0.636	0.9708223
0.637	0.97089365
0.638	0.970965
0.639	0.97103635
0.64	0.9711077
0.641	0.97114764
0.642	0.97118758
0.643	0.97122752
0.644	0.97126746
0.645	0.9713074
0.646	0.97134734
0.647	0.97138728
0.648	0.97142722
0.649	0.97146716
0.65	0.9715071
0.651	0.97162746
0.652	0.97174782
0.653	0.97186818
0.654	0.97198854
0.655	0.9721089
0.656	0.97222926
0.657	0.97234962
0.658	0.97246998
0.659	0.97259034
0.66	0.9727107
0.661	0.97285892
0.662	0.97300714
0.663	0.97315536
0.664	0.97330358
0.665	0.9734518
0.666	0.97360002
0.667	0.97374824
0.668	0.97389646
0.669	0.97404468
0.67	0.9741929
0.671	0.97433114
0.672	0.97446938
0.673	0.97460762
0.674	0.97474586
0.675	0.9748841
0.676	0.97502234
0.677	0.97516058
0.678	0.97529882
0.679	0.97543706
0.68	0.9755753
0.681	0.97572674
0.682	0.97587818
0.683	0.97602962
0.684	0.97618106
0.685	0.9763325
0.686	0.97648394
0.687	0.97663538
0.688	0.97678682
0.689	0.97693826
0.69	0.9770897
0.691	0.97727518
0.692	0.97746066
0.693	0.97764614
0.694	0.97783162
0.695	0.9780171
0.696	0.97820258
0.697	0.97838806
0.698	0.97857354
0.699	0.97875902
0.7	0.9789445
0.701	0.97904399
0.702	0.97914348
0.703	0.97924297
0.704	0.97934246
0.705	0.97944195
0.706	0.97954144
0.707	0.97964093
0.708	0.97974042
0.709	0.97983991
0.71	0.9799394
0.711	0.98006187
0.712	0.98018434
0.713	0.98030681
0.714	0.98042928
0.715	0.98055175
0.716	0.98067422
0.717	0.98079669
0.718	0.98091916
0.719	0.98104163
0.72	0.9811641
0.721	0.98118503
0.722	0.98120596
0.723	0.98122689
0.724	0.98124782
0.725	0.98126875
0.726	0.98128968
0.727	0.98131061
0.728	0.98133154
0.729	0.98135247
0.73	0.9813734
0.731	0.98120743
0.732	0.98104146
0.733	0.98087549
0.734	0.98070952
0.735	0.98054355
0.736	0.98037758
0.737	0.98021161
0.738	0.98004564
0.739	0.97987967
0.74	0.9797137
0.741	0.97959152
0.742	0.97946934
0.743	0.97934716
0.744	0.97922498
0.745	0.9791028
0.746	0.97898062
0.747	0.97885844
0.748	0.97873626
0.749	0.97861408
0.75	0.9784919
0.751	0.97864605
0.752	0.9788002
0.753	0.97895435
0.754	0.9791085
0.755	0.97926265
0.756	0.9794168
0.757	0.97957095
0.758	0.9797251
0.759	0.97987925
0.76	0.9800334
0.761	0.98030369
0.762	0.98057398
0.763	0.98084427
0.764	0.98111456
0.765	0.98138485
0.766	0.98165514
0.767	0.98192543
0.768	0.98219572
0.769	0.98246601
0.77	0.9827363
0.771	0.98288985
0.772	0.9830434
0.773	0.98319695
0.774	0.9833505
0.775	0.98350405
0.776	0.9836576
0.777	0.98381115
0.778	0.9839647
0.779	0.98411825
0.78	0.9842718
0.781	0.98420834
0.782	0.98414488
0.783	0.98408142
0.784	0.98401796
0.785	0.9839545
0.786	0.98389104
0.787	0.98382758
0.788	0.98376412
0.789	0.98370066
0.79	0.9836372
0.791	0.98375306
0.792	0.98386892
0.793	0.98398478
0.794	0.98410064
0.795	0.9842165
0.796	0.98433236
0.797	0.98444822
0.798	0.98456408
0.799	0.98467994
0.8	0.9847958
0.801	0.98466689
0.802	0.98453798
0.803	0.98440907
0.804	0.98428016
0.805	0.98415125
0.806	0.98402234
0.807	0.98389343
0.808	0.98376452
0.809	0.98363561
0.81	0.9835067
0.811	0.98323413
0.812	0.98296156
0.813	0.98268899
0.814	0.98241642
0.815	0.98214385
0.816	0.98187128
0.817	0.98159871
0.818	0.98132614
0.819	0.98105357
0.82	0.980781
0.821	0.98093722
0.822	0.98109344
0.823	0.98124966
0.824	0.98140588
0.825	0.9815621
0.826	0.98171832
0.827	0.98187454
0.828	0.98203076
0.829	0.98218698
0.83	0.9823432
0.831	0.98239733
0.832	0.98245146
0.833	0.98250559
0.834	0.98255972
0.835	0.98261385
0.836	0.98266798
0.837	0.98272211
0.838	0.98277624
0.839	0.98283037
0.84	0.9828845
0.841	0.98285327
0.842	0.98282204
0.843	0.98279081
0.844	0.98275958
0.845	0.98272835
0.846	0.98269712
0.847	0.98266589
0.848	0.98263466
0.849	0.98260343
0.85	0.9825722
0.851	0.98255406
0.852	0.98253592
0.853	0.98251778
0.854	0.98249964
0.855	0.9824815
0.856	0.98246336
0.857	0.98244522
0.858	0.98242708
0.859	0.98240894
0.86	0.9823908
0.861	0.98225251
0.862	0.98211422
0.863	0.98197593
0.864	0.98183764
0.865	0.98169935
0.866	0.98156106
0.867	0.98142277
0.868	0.98128448
0.869	0.98114619
0.87	0.9810079
0.871	0.98062592
0.872	0.98024394
0.873	0.97986196
0.874	0.97947998
0.875	0.979098
0.876	0.97871602
0.877	0.97833404
0.878	0.97795206
0.879	0.97757008
0.88	0.9771881
0.881	0.97649476
0.882	0.97580142
0.883	0.97510808
0.884	0.97441474
0.885	0.9737214
0.886	0.97302806
0.887	0.97233472
0.888	0.97164138
0.889	0.97094804
0.89	0.9702547
0.891	0.96947017
0.892	0.96868564
0.893	0.96790111
0.894	0.96711658
0.895	0.96633205
0.896	0.96554752
0.897	0.96476299
0.898	0.96397846
0.899	0.96319393
0.9	0.9624094
0.901	0.96148881
0.902	0.96056822
0.903	0.95964763
0.904	0.95872704
0.905	0.95780645
0.906	0.95688586
0.907	0.95596527
0.908	0.95504468
0.909	0.95412409
0.91	0.9532035
0.911	0.95309434
0.912	0.95298518
0.913	0.95287602
0.914	0.95276686
0.915	0.9526577
0.916	0.95254854
0.917	0.95243938
0.918	0.95233022
0.919	0.95222106
0.92	0.9521119
0.921	0.95292248
0.922	0.95373306
0.923	0.95454364
0.924	0.95535422
0.925	0.9561648
0.926	0.95697538
0.927	0.95778596
0.928	0.95859654
0.929	0.95940712
0.93	0.9602177
0.931	0.96122796
0.932	0.96223822
0.933	0.96324848
0.934	0.96425874
0.935	0.965269
0.936	0.96627926
0.937	0.96728952
0.938	0.96829978
0.939	0.96931004
0.94	0.9703203
0.941	0.97090642
0.942	0.97149254
0.943	0.97207866
0.944	0.97266478
0.945	0.9732509
0.946	0.97383702
0.947	0.97442314
0.948	0.97500926
0.949	0.97559538
0.95	0.9761815
0.951	0.97634636
0.952	0.97651122
0.953	0.97667608
0.954	0.97684094
0.955	0.9770058
0.956	0.97717066
0.957	0.97733552
0.958	0.97750038
0.959	0.97766524
0.96	0.9778301
0.961	0.97783457
0.962	0.97783904
0.963	0.97784351
0.964	0.97784798
0.965	0.97785245
0.966	0.97785692
0.967	0.97786139
0.968	0.97786586
0.969	0.97787033
0.97	0.9778748
0.971	0.97780316
0.972	0.97773152
0.973	0.97765988
0.974	0.97758824
0.975	0.9775166
0.976	0.97744496
0.977	0.97737332
0.978	0.97730168
0.979	0.97723004
0.98	0.9771584
0.981	0.97692825
0.982	0.9766981
0.983	0.97646795
0.984	0.9762378
0.985	0.97600765
0.986	0.9757775
0.987	0.97554735
0.988	0.9753172
0.989	0.97508705
0.99	0.9748569
0.991	0.97437458
0.992	0.97389226
0.993	0.97340994
0.994	0.97292762
0.995	0.9724453
0.996	0.97196298
0.997	0.97148066
0.998	0.97099834
0.999	0.97051602
1	0.9700337
1.001	0.96945012
1.002	0.96886654
1.003	0.96828296
1.004	0.96769938
1.005	0.9671158
1.006	0.96653222
1.007	0.96594864
1.008	0.96536506
1.009	0.96478148
1.01	0.9641979
1.011	0.96368533
1.012	0.96317276
1.013	0.96266019
1.014	0.96214762
1.015	0.96163505
1.016	0.96112248
1.017	0.96060991
1.018	0.96009734
1.019	0.95958477
1.02	0.9590722
1.021	0.95885303
1.022	0.95863386
1.023	0.95841469
1.024	0.95819552
1.025	0.95797635
1.026	0.95775718
1.027	0.95753801
1.028	0.95731884
1.029	0.95709967
1.03	0.9568805
1.031	0.9570484
1.032	0.9572163
1.033	0.9573842
1.034	0.9575521
1.035	0.95772
1.036	0.9578879
1.037	0.9580558
1.038	0.9582237
1.039	0.9583916
1.04	0.9585595
1.041	0.95894449
1.042	0.95932948
1.043	0.95971447
1.044	0.96009946
1.045	0.96048445
1.046	0.96086944
1.047	0.96125443
1.048	0.96163942
1.049	0.96202441
1.05	0.9624094
1.051	0.96280403
1.052	0.96319866
1.053	0.96359329
1.054	0.96398792
1.055	0.96438255
1.056	0.96477718
1.057	0.96517181
1.058	0.96556644
1.059	0.96596107
1.06	0.9663557
1.061	0.96670238
1.062	0.96704906
1.063	0.96739574
1.064	0.96774242
1.065	0.9680891
1.066	0.96843578
1.067	0.96878246
1.068	0.96912914
1.069	0.96947582
1.07	0.9698225
1.071	0.97004507
1.072	0.97026764
1.073	0.97049021
1.074	0.97071278
1.075	0.97093535
1.076	0.97115792
1.077	0.97138049
1.078	0.97160306
1.079	0.97182563
1.08	0.9720482
1.081	0.97214243
1.082	0.97223666
1.083	0.97233089
1.084	0.97242512
1.085	0.97251935
1.086	0.97261358
1.087	0.97270781
1.088	0.97280204
1.089	0.97289627
1.09	0.9729905
1.091	0.9730168
1.092	0.9730431
1.093	0.9730694
1.094	0.9730957
1.095	0.973122
1.096	0.9731483
1.097	0.9731746
1.098	0.9732009
1.099	0.9732272
1.1	0.9732535
1.101	0.97315559
1.102	0.97305768
1.103	0.97295977
1.104	0.97286186
1.105	0.97276395
1.106	0.97266604
1.107	0.97256813
1.108	0.97247022
1.109	0.97237231
1.11	0.9722744
1.111	0.97179483
1.112	0.97131526
1.113	0.97083569
1.114	0.97035612
1.115	0.96987655
1.116	0.96939698
1.117	0.96891741
1.118	0.96843784
1.119	0.96795827
1.12	0.9674787
1.121	0.96606355
1.122	0.9646484
1.123	0.96323325
1.124	0.9618181
1.125	0.96040295
1.126	0.9589878
1.127	0.95757265
1.128	0.9561575
1.129	0.95474235
1.13	0.9533272
1.131	0.95061943
1.132	0.94791166
1.133	0.94520389
1.134	0.94249612
1.135	0.93978835
1.136	0.93708058
1.137	0.93437281
1.138	0.93166504
1.139	0.92895727
1.14	0.9262495
1.141	0.92274857
1.142	0.91924764
1.143	0.91574671
1.144	0.91224578
1.145	0.90874485
1.146	0.90524392
1.147	0.90174299
1.148	0.89824206
1.149	0.89474113
1.15	0.8912402
1.151	0.88775564
1.152	0.88427108
1.153	0.88078652
1.154	0.87730196
1.155	0.8738174
1.156	0.87033284
1.157	0.86684828
1.158	0.86336372
1.159	0.85987916
1.16	0.8563946
1.161	0.8525321
1.162	0.8486696
1.163	0.8448071
1.164	0.8409446
1.165	0.8370821
1.166	0.8332196
1.167	0.8293571
1.168	0.8254946
1.169	0.8216321
1.17	0.8177696
1.171	0.81337191
1.172	0.80897422
1.173	0.80457653
1.174	0.80017884
1.175	0.79578115
1.176	0.79138346
1.177	0.78698577
1.178	0.78258808
1.179	0.77819039
1.18	0.7737927
1.181	0.77037516
1.182	0.76695762
1.183	0.76354008
1.184	0.76012254
1.185	0.756705
1.186	0.75328746
1.187	0.74986992
1.188	0.74645238
1.189	0.74303484
1.19	0.7396173
1.191	0.73919551
1.192	0.73877372
1.193	0.73835193
1.194	0.73793014
1.195	0.73750835
1.196	0.73708656
1.197	0.73666477
1.198	0.73624298
1.199	0.73582119
1.2	0.7353994
1.201	0.73854953
1.202	0.74169966
1.203	0.74484979
1.204	0.74799992
1.205	0.75115005
1.206	0.75430018
1.207	0.75745031
1.208	0.76060044
1.209	0.76375057
1.21	0.7669007
1.211	0.7720229
1.212	0.7771451
1.213	0.7822673
1.214	0.7873895
1.215	0.7925117
1.216	0.7976339
1.217	0.8027561
1.218	0.8078783
1.219	0.8130005
1.22	0.8181227
1.221	0.82288085
1.222	0.827639
1.223	0.83239715
1.224	0.8371553
1.225	0.84191345
1.226	0.8466716
1.227	0.85142975
1.228	0.8561879
1.229	0.86094605
1.23	0.8657042
1.231	0.86889673
1.232	0.87208926
1.233	0.87528179
1.234	0.87847432
1.235	0.88166685
1.236	0.88485938
1.237	0.88805191
1.238	0.89124444
1.239	0.89443697
1.24	0.8976295
1.241	0.89949326
1.242	0.90135702
1.243	0.90322078
1.244	0.90508454
1.245	0.9069483
1.246	0.90881206
1.247	0.91067582
1.248	0.91253958
1.249	0.91440334
1.25	0.9162671
1.251	0.91726938
1.252	0.91827166
1.253	0.91927394
1.254	0.92027622
1.255	0.9212785
1.256	0.92228078
1.257	0.92328306
1.258	0.92428534
1.259	0.92528762
1.26	0.9262899
1.261	0.926845
1.262	0.9274001
1.263	0.9279552
1.264	0.9285103
1.265	0.9290654
1.266	0.9296205
1.267	0.9301756
1.268	0.9307307
1.269	0.9312858
1.27	0.9318409
1.271	0.93228024
1.272	0.93271958
1.273	0.93315892
1.274	0.93359826
1.275	0.9340376
1.276	0.93447694
1.277	0.93491628
1.278	0.93535562
1.279	0.93579496
1.28	0.9362343
1.281	0.9366039
1.282	0.9369735
1.283	0.9373431
1.284	0.9377127
1.285	0.9380823
1.286	0.9384519
1.287	0.9388215
1.288	0.9391911
1.289	0.9395607
1.29	0.9399303
1.291	0.94021882
1.292	0.94050734
1.293	0.94079586
1.294	0.94108438
1.295	0.9413729
1.296	0.94166142
1.297	0.94194994
1.298	0.94223846
1.299	0.94252698
1.3	0.9428155
1.301	0.94291115
1.302	0.9430068
1.303	0.94310245
1.304	0.9431981
1.305	0.94329375
1.306	0.9433894
1.307	0.94348505
1.308	0.9435807
1.309	0.94367635
1.31	0.943772
1.311	0.94363771
1.312	0.94350342
1.313	0.94336913
1.314	0.94323484
1.315	0.94310055
1.316	0.94296626
1.317	0.94283197
1.318	0.94269768
1.319	0.94256339
1.32	0.9424291
1.321	0.94199674
1.322	0.94156438
1.323	0.94113202
1.324	0.94069966
1.325	0.9402673
1.326	0.93983494
1.327	0.93940258
1.328	0.93897022
1.329	0.93853786
1.33	0.9381055
1.331	0.93705005
1.332	0.9359946
1.333	0.93493915
1.334	0.9338837
1.335	0.93282825
1.336	0.9317728
1.337	0.93071735
1.338	0.9296619
1.339	0.92860645
1.34	0.927551
1.341	0.925305
1.342	0.923059
1.343	0.920813
1.344	0.918567
1.345	0.916321
1.346	0.914075
1.347	0.911829
1.348	0.909583
1.349	0.907337
1.35	0.905091
1.351	0.90100208
1.352	0.89691316
1.353	0.89282424
1.354	0.88873532
1.355	0.8846464
1.356	0.88055748
1.357	0.87646856
1.358	0.87237964
1.359	0.86829072
1.36	0.8642018
1.361	0.85922472
1.362	0.85424764
1.363	0.84927056
1.364	0.84429348
1.365	0.8393164
1.366	0.83433932
1.367	0.82936224
1.368	0.82438516
1.369	0.81940808
1.37	0.814431
1.371	0.81055067
1.372	0.80667034
1.373	0.80279001
1.374	0.79890968
1.375	0.79502935
1.376	0.79114902
1.377	0.78726869
1.378	0.78338836
1.379	0.77950803
1.38	0.7756277
1.381	0.77385087
1.382	0.77207404
1.383	0.77029721
1.384	0.76852038
1.385	0.76674355
1.386	0.76496672
1.387	0.76318989
1.388	0.76141306
1.389	0.75963623
1.39	0.7578594
1.391	0.75673506
1.392	0.75561072
1.393	0.75448638
1.394	0.75336204
1.395	0.7522377
1.396	0.75111336
1.397	0.74998902
1.398	0.74886468
1.399	0.74774034
1.4	0.746616
1.401	0.74601669
1.402	0.74541738
1.403	0.74481807
1.404	0.74421876
1.405	0.74361945
1.406	0.74302014
1.407	0.74242083
1.408	0.74182152
1.409	0.74122221
1.41	0.7406229
1.411	0.74105877
1.412	0.74149464
1.413	0.74193051
1.414	0.74236638
1.415	0.74280225
1.416	0.74323812
1.417	0.74367399
1.418	0.74410986
1.419	0.74454573
1.42	0.7449816
1.421	0.74628802
1.422	0.74759444
1.423	0.74890086
1.424	0.75020728
1.425	0.7515137
1.426	0.75282012
1.427	0.75412654
1.428	0.75543296
1.429	0.75673938
1.43	0.7580458
1.431	0.75991967
1.432	0.76179354
1.433	0.76366741
1.434	0.76554128
1.435	0.76741515
1.436	0.76928902
1.437	0.77116289
1.438	0.77303676
1.439	0.77491063
1.44	0.7767845
1.441	0.77855859
1.442	0.78033268
1.443	0.78210677
1.444	0.78388086
1.445	0.78565495
1.446	0.78742904
1.447	0.78920313
1.448	0.79097722
1.449	0.79275131
1.45	0.7945254
1.451	0.79545709
1.452	0.79638878
1.453	0.79732047
1.454	0.79825216
1.455	0.79918385
1.456	0.80011554
1.457	0.80104723
1.458	0.80197892
1.459	0.80291061
1.46	0.8038423
1.461	0.80362801
1.462	0.80341372
1.463	0.80319943
1.464	0.80298514
1.465	0.80277085
1.466	0.80255656
1.467	0.80234227
1.468	0.80212798
1.469	0.80191369
1.47	0.8016994
1.471	0.8010271
1.472	0.8003548
1.473	0.7996825
1.474	0.7990102
1.475	0.7983379
1.476	0.7976656
1.477	0.7969933
1.478	0.796321
1.479	0.7956487
1.48	0.7949764
1.481	0.79459652
1.482	0.79421664
1.483	0.79383676
1.484	0.79345688
1.485	0.793077
1.486	0.79269712
1.487	0.79231724
1.488	0.79193736
1.489	0.79155748
1.49	0.7911776
1.491	0.79138229
1.492	0.79158698
1.493	0.79179167
1.494	0.79199636
1.495	0.79220105
1.496	0.79240574
1.497	0.79261043
1.498	0.79281512
1.499	0.79301981
1.5	0.7932245
1.501	0.794282
1.502	0.7953395
1.503	0.796397
1.504	0.7974545
1.505	0.798512
1.506	0.7995695
1.507	0.800627
1.508	0.8016845
1.509	0.802742
1.51	0.8037995
1.511	0.80546375
1.512	0.807128
1.513	0.80879225
1.514	0.8104565
1.515	0.81212075
1.516	0.813785
1.517	0.81544925
1.518	0.8171135
1.519	0.81877775
1.52	0.820442
1.521	0.82218436
1.522	0.82392672
1.523	0.82566908
1.524	0.82741144
1.525	0.8291538
1.526	0.83089616
1.527	0.83263852
1.528	0.83438088
1.529	0.83612324
1.53	0.8378656
1.531	0.83915187
1.532	0.84043814
1.533	0.84172441
1.534	0.84301068
1.535	0.84429695
1.536	0.84558322
1.537	0.84686949
1.538	0.84815576
1.539	0.84944203
1.54	0.8507283
1.541	0.8513993
1.542	0.8520703
1.543	0.8527413
1.544	0.8534123
1.545	0.8540833
1.546	0.8547543
1.547	0.8554253
1.548	0.8560963
1.549	0.8567673
1.55	0.8574383
1.551	0.85774654
1.552	0.85805478
1.553	0.85836302
1.554	0.85867126
1.555	0.8589795
1.556	0.85928774
1.557	0.85959598
1.558	0.85990422
1.559	0.86021246
1.56	0.8605207
1.561	0.86073889
1.562	0.86095708
1.563	0.86117527
1.564	0.86139346
1.565	0.86161165
1.566	0.86182984
1.567	0.86204803
1.568	0.86226622
1.569	0.86248441
1.57	0.8627026
1.571	0.86292454
1.572	0.86314648
1.573	0.86336842
1.574	0.86359036
1.575	0.8638123
1.576	0.86403424
1.577	0.86425618
1.578	0.86447812
1.579	0.86470006
1.58	0.864922
1.581	0.86520343
1.582	0.86548486
1.583	0.86576629
1.584	0.86604772
1.585	0.86632915
1.586	0.86661058
1.587	0.86689201
1.588	0.86717344
1.589	0.86745487
1.59	0.8677363
1.591	0.86805285
1.592	0.8683694
1.593	0.86868595
1.594	0.8690025
1.595	0.86931905
1.596	0.8696356
1.597	0.86995215
1.598	0.8702687
1.599	0.87058525
1.6	0.8709018
1.601	0.87094968
1.602	0.87099756
1.603	0.87104544
1.604	0.87109332
1.605	0.8711412
1.606	0.87118908
1.607	0.87123696
1.608	0.87128484
1.609	0.87133272
1.61	0.8713806
1.611	0.87098682
1.612	0.87059304
1.613	0.87019926
1.614	0.86980548
1.615	0.8694117
1.616	0.86901792
1.617	0.86862414
1.618	0.86823036
1.619	0.86783658
1.62	0.8674428
1.621	0.86655816
1.622	0.86567352
1.623	0.86478888
1.624	0.86390424
1.625	0.8630196
1.626	0.86213496
1.627	0.86125032
1.628	0.86036568
1.629	0.85948104
1.63	0.8585964
1.631	0.85720103
1.632	0.85580566
1.633	0.85441029
1.634	0.85301492
1.635	0.85161955
1.636	0.85022418
1.637	0.84882881
1.638	0.84743344
1.639	0.84603807
1.64	0.8446427
1.641	0.84259075
1.642	0.8405388
1.643	0.83848685
1.644	0.8364349
1.645	0.83438295
1.646	0.832331
1.647	0.83027905
1.648	0.8282271
1.649	0.82617515
1.65	0.8241232
1.651	0.82086362
1.652	0.81760404
1.653	0.81434446
1.654	0.81108488
1.655	0.8078253
1.656	0.80456572
1.657	0.80130614
1.658	0.79804656
1.659	0.79478698
1.66	0.7915274
1.661	0.78618297
1.662	0.78083854
1.663	0.77549411
1.664	0.77014968
1.665	0.76480525
1.666	0.75946082
1.667	0.75411639
1.668	0.74877196
1.669	0.74342753
1.67	0.7380831
1.671	0.73071674
1.672	0.72335038
1.673	0.71598402
1.674	0.70861766
1.675	0.7012513
1.676	0.69388494
1.677	0.68651858
1.678	0.67915222
1.679	0.67178586
1.68	0.6644195
1.681	0.6564726
1.682	0.6485257
1.683	0.6405788
1.684	0.6326319
1.685	0.624685
1.686	0.6167381
1.687	0.6087912
1.688	0.6008443
1.689	0.5928974
1.69	0.5849505
1.691	0.57812692
1.692	0.57130334
1.693	0.56447976
1.694	0.55765618
1.695	0.5508326
1.696	0.54400902
1.697	0.53718544
1.698	0.53036186
1.699	0.52353828
1.7	0.5167147
1.701	0.51329035
1.702	0.509866
1.703	0.50644165
1.704	0.5030173
1.705	0.49959295
1.706	0.4961686
1.707	0.49274425
1.708	0.4893199
1.709	0.48589555
1.71	0.4824712
1.711	0.48233557
1.712	0.48219994
1.713	0.48206431
1.714	0.48192868
1.715	0.48179305
1.716	0.48165742
1.717	0.48152179
1.718	0.48138616
1.719	0.48125053
1.72	0.4811149
1.721	0.4815666
1.722	0.4820183
1.723	0.48247
1.724	0.4829217
1.725	0.4833734
1.726	0.4838251
1.727	0.4842768
1.728	0.4847285
1.729	0.4851802
1.73	0.4856319
1.731	0.48520544
1.732	0.48477898
1.733	0.48435252
1.734	0.48392606
1.735	0.4834996
1.736	0.48307314
1.737	0.48264668
1.738	0.48222022
1.739	0.48179376
1.74	0.4813673
1.741	0.48178509
1.742	0.48220288
1.743	0.48262067
1.744	0.48303846
1.745	0.48345625
1.746	0.48387404
1.747	0.48429183
1.748	0.48470962
1.749	0.48512741
1.75	0.4855452
1.751	0.48818617
1.752	0.49082714
1.753	0.49346811
1.754	0.49610908
1.755	0.49875005
1.756	0.50139102
1.757	0.50403199
1.758	0.50667296
1.759	0.50931393
1.76	0.5119549
1.761	0.51509231
1.762	0.51822972
1.763	0.52136713
1.764	0.52450454
1.765	0.52764195
1.766	0.53077936
1.767	0.53391677
1.768	0.53705418
1.769	0.54019159
1.77	0.543329
1.771	0.54531526
1.772	0.54730152
1.773	0.54928778
1.774	0.55127404
1.775	0.5532603
1.776	0.55524656
1.777	0.55723282
1.778	0.55921908
1.779	0.56120534
1.78	0.5631916
1.781	0.56444605
1.782	0.5657005
1.783	0.56695495
1.784	0.5682094
1.785	0.56946385
1.786	0.5707183
1.787	0.57197275
1.788	0.5732272
1.789	0.57448165
1.79	0.5757361
1.791	0.57672937
1.792	0.57772264
1.793	0.57871591
1.794	0.57970918
1.795	0.58070245
1.796	0.58169572
1.797	0.58268899
1.798	0.58368226
1.799	0.58467553
1.8	0.5856688
1.801	0.5864687
1.802	0.5872686
1.803	0.5880685
1.804	0.5888684
1.805	0.5896683
1.806	0.5904682
1.807	0.5912681
1.808	0.592068
1.809	0.5928679
1.81	0.5936678
1.811	0.5944256
1.812	0.5951834
1.813	0.5959412
1.814	0.596699
1.815	0.5974568
1.816	0.5982146
1.817	0.5989724
1.818	0.5997302
1.819	0.600488
1.82	0.6012458
1.821	0.6018936
1.822	0.6025414
1.823	0.6031892
1.824	0.603837
1.825	0.6044848
1.826	0.6051326
1.827	0.6057804
1.828	0.6064282
1.829	0.607076
1.83	0.6077238
1.831	0.60867824
1.832	0.60963268
1.833	0.61058712
1.834	0.61154156
1.835	0.612496
1.836	0.61345044
1.837	0.61440488
1.838	0.61535932
1.839	0.61631376
1.84	0.6172682
1.841	0.61836291
1.842	0.61945762
1.843	0.62055233
1.844	0.62164704
1.845	0.62274175
1.846	0.62383646
1.847	0.62493117
1.848	0.62602588
1.849	0.62712059
1.85	0.6282153
1.851	0.62899771
1.852	0.62978012
1.853	0.63056253
1.854	0.63134494
1.855	0.63212735
1.856	0.63290976
1.857	0.63369217
1.858	0.63447458
1.859	0.63525699
1.86	0.6360394
1.861	0.63643136
1.862	0.63682332
1.863	0.63721528
1.864	0.63760724
1.865	0.6379992
1.866	0.63839116
1.867	0.63878312
1.868	0.63917508
1.869	0.63956704
1.87	0.639959
1.871	0.63913481
1.872	0.63831062
1.873	0.63748643
1.874	0.63666224
1.875	0.63583805
1.876	0.63501386
1.877	0.63418967
1.878	0.63336548
1.879	0.63254129
1.88	0.6317171
1.881	0.62959572
1.882	0.62747434
1.883	0.62535296
1.884	0.62323158
1.885	0.6211102
1.886	0.61898882
1.887	0.61686744
1.888	0.61474606
1.889	0.61262468
1.89	0.6105033
1.891	0.60787076
1.892	0.60523822
1.893	0.60260568
1.894	0.59997314
1.895	0.5973406
1.896	0.59470806
1.897	0.59207552
1.898	0.58944298
1.899	0.58681044
1.9	0.5841779
1.901	0.58281698
1.902	0.58145606
1.903	0.58009514
1.904	0.57873422
1.905	0.5773733
1.906	0.57601238
1.907	0.57465146
1.908	0.57329054
1.909	0.57192962
1.91	0.5705687
1.911	0.5706957
1.912	0.5708227
1.913	0.5709497
1.914	0.5710767
1.915	0.5712037
1.916	0.5713307
1.917	0.5714577
1.918	0.5715847
1.919	0.5717117
1.92	0.5718387
1.921	0.57203925
1.922	0.5722398
1.923	0.57244035
1.924	0.5726409
1.925	0.57284145
1.926	0.573042
1.927	0.57324255
1.928	0.5734431
1.929	0.57364365
1.93	0.5738442
1.931	0.57332662
1.932	0.57280904
1.933	0.57229146
1.934	0.57177388
1.935	0.5712563
1.936	0.57073872
1.937	0.57022114
1.938	0.56970356
1.939	0.56918598
1.94	0.5686684
1.941	0.56862957
1.942	0.56859074
1.943	0.56855191
1.944	0.56851308
1.945	0.56847425
1.946	0.56843542
1.947	0.56839659
1.948	0.56835776
1.949	0.56831893
1.95	0.5682801
1.951	0.56969148
1.952	0.57110286
1.953	0.57251424
1.954	0.57392562
1.955	0.575337
1.956	0.57674838
1.957	0.57815976
1.958	0.57957114
1.959	0.58098252
1.96	0.5823939
1.961	0.58376268
1.962	0.58513146
1.963	0.58650024
1.964	0.58786902
1.965	0.5892378
1.966	0.59060658
1.967	0.59197536
1.968	0.59334414
1.969	0.59471292
1.97	0.5960817
1.971	0.59685444
1.972	0.59762718
1.973	0.59839992
1.974	0.59917266
1.975	0.5999454
1.976	0.60071814
1.977	0.60149088
1.978	0.60226362
1.979	0.60303636
1.98	0.6038091
1.981	0.60405646
1.982	0.60430382
1.983	0.60455118
1.984	0.60479854
1.985	0.6050459
1.986	0.60529326
1.987	0.60554062
1.988	0.60578798
1.989	0.60603534
1.99	0.6062827
1.991	0.60609853
1.992	0.60591436
1.993	0.60573019
1.994	0.60554602
1.995	0.60536185
1.996	0.60517768
1.997	0.60499351
1.998	0.60480934
1.999	0.60462517
2	0.604441
2.001	0.60370703
2.002	0.60297306
2.003	0.60223909
2.004	0.60150512
2.005	0.60077115
2.006	0.60003718
2.007	0.59930321
2.008	0.59856924
2.009	0.59783527
2.01	0.5971013
2.011	0.59545838
2.012	0.59381546
2.013	0.59217254
2.014	0.59052962
2.015	0.5888867
2.016	0.58724378
2.017	0.58560086
2.018	0.58395794
2.019	0.58231502
2.02	0.5806721
2.021	0.57880733
2.022	0.57694256
2.023	0.57507779
2.024	0.57321302
2.025	0.57134825
2.026	0.56948348
2.027	0.56761871
2.028	0.56575394
2.029	0.56388917
2.03	0.5620244
2.031	0.56146706
2.032	0.56090972
2.033	0.56035238
2.034	0.55979504
2.035	0.5592377
2.036	0.55868036
2.037	0.55812302
2.038	0.55756568
2.039	0.55700834
2.04	0.556451
2.041	0.5566914
2.042	0.5569318
2.043	0.5571722
2.044	0.5574126
2.045	0.557653
2.046	0.5578934
2.047	0.5581338
2.048	0.5583742
2.049	0.5586146
2.05	0.558855
2.051	0.5602275
2.052	0.5616
2.053	0.5629725
2.054	0.564345
2.055	0.5657175
2.056	0.56709
2.057	0.5684625
2.058	0.569835
2.059	0.5712075
2.06	0.57258
2.061	0.5737709
2.062	0.5749618
2.063	0.5761527
2.064	0.5773436
2.065	0.5785345
2.066	0.5797254
2.067	0.5809163
2.068	0.5821072
2.069	0.5832981
2.07	0.584489
2.071	0.58536662
2.072	0.58624424
2.073	0.58712186
2.074	0.58799948
2.075	0.5888771
2.076	0.58975472
2.077	0.59063234
2.078	0.59150996
2.079	0.59238758
2.08	0.5932652
2.081	0.59316349
2.082	0.59306178
2.083	0.59296007
2.084	0.59285836
2.085	0.59275665
2.086	0.59265494
2.087	0.59255323
2.088	0.59245152
2.089	0.59234981
2.09	0.5922481
2.091	0.59101053
2.092	0.58977296
2.093	0.58853539
2.094	0.58729782
2.095	0.58606025
2.096	0.58482268
2.097	0.58358511
2.098	0.58234754
2.099	0.58110997
2.1	0.5798724
2.101	0.57757329
2.102	0.57527418
2.103	0.57297507
2.104	0.57067596
2.105	0.56837685
2.106	0.56607774
2.107	0.56377863
2.108	0.56147952
2.109	0.55918041
2.11	0.5568813
2.111	0.55338091
2.112	0.54988052
2.113	0.54638013
2.114	0.54287974
2.115	0.53937935
2.116	0.53587896
2.117	0.53237857
2.118	0.52887818
2.119	0.52537779
2.12	0.5218774
2.121	0.51850006
2.122	0.51512272
2.123	0.51174538
2.124	0.50836804
2.125	0.5049907
2.126	0.50161336
2.127	0.49823602
2.128	0.49485868
2.129	0.49148134
2.13	0.488104
2.131	0.48568434
2.132	0.48326468
2.133	0.48084502
2.134	0.47842536
2.135	0.4760057
2.136	0.47358604
2.137	0.47116638
2.138	0.46874672
2.139	0.46632706
2.14	0.4639074
2.141	0.46364357
2.142	0.46337974
2.143	0.46311591
2.144	0.46285208
2.145	0.46258825
2.146	0.46232442
2.147	0.46206059
2.148	0.46179676
2.149	0.46153293
2.15	0.4612691
2.151	0.4624679
2.152	0.4636667
2.153	0.4648655
2.154	0.4660643
2.155	0.4672631
2.156	0.4684619
2.157	0.4696607
2.158	0.4708595
2.159	0.4720583
2.16	0.4732571
2.161	0.47470579
2.162	0.47615448
2.163	0.47760317
2.164	0.47905186
2.165	0.48050055
2.166	0.48194924
2.167	0.48339793
2.168	0.48484662
2.169	0.48629531
2.17	0.487744
2.171	0.48873499
2.172	0.48972598
2.173	0.49071697
2.174	0.49170796
2.175	0.49269895
2.176	0.49368994
2.177	0.49468093
2.178	0.49567192
2.179	0.49666291
2.18	0.4976539
2.181	0.49816134
2.182	0.49866878
2.183	0.49917622
2.184	0.49968366
2.185	0.5001911
2.186	0.50069854
2.187	0.50120598
2.188	0.50171342
2.189	0.50222086
2.19	0.5027283
2.191	0.50241733
2.192	0.50210636
2.193	0.50179539
2.194	0.50148442
2.195	0.50117345
2.196	0.50086248
2.197	0.50055151
2.198	0.50024054
2.199	0.49992957
2.2	0.4996186
2.201	0.49873823
2.202	0.49785786
2.203	0.49697749
2.204	0.49609712
2.205	0.49521675
2.206	0.49433638
2.207	0.49345601
2.208	0.49257564
2.209	0.49169527
2.21	0.4908149
2.211	0.48891098
2.212	0.48700706
2.213	0.48510314
2.214	0.48319922
2.215	0.4812953
2.216	0.47939138
2.217	0.47748746
2.218	0.47558354
2.219	0.47367962
2.22	0.4717757
2.221	0.46863791
2.222	0.46550012
2.223	0.46236233
2.224	0.45922454
2.225	0.45608675
2.226	0.45294896
2.227	0.44981117
2.228	0.44667338
2.229	0.44353559
2.23	0.4403978
2.231	0.43585344
2.232	0.43130908
2.233	0.42676472
2.234	0.42222036
2.235	0.417676
2.236	0.41313164
2.237	0.40858728
2.238	0.40404292
2.239	0.39949856
2.24	0.3949542
2.241	0.38946929
2.242	0.38398438
2.243	0.37849947
2.244	0.37301456
2.245	0.36752965
2.246	0.36204474
2.247	0.35655983
2.248	0.35107492
2.249	0.34559001
2.25	0.3401051
2.251	0.3350146
2.252	0.3299241
2.253	0.3248336
2.254	0.3197431
2.255	0.3146526
2.256	0.3095621
2.257	0.3044716
2.258	0.2993811
2.259	0.2942906
2.26	0.2892001
2.261	0.28503076
2.262	0.28086142
2.263	0.27669208
2.264	0.27252274
2.265	0.2683534
2.266	0.26418406
2.267	0.26001472
2.268	0.25584538
2.269	0.25167604
2.27	0.2475067
2.271	0.24571444
2.272	0.24392218
2.273	0.24212992
2.274	0.24033766
2.275	0.2385454
2.276	0.23675314
2.277	0.23496088
2.278	0.23316862
2.279	0.23137636
2.28	0.2295841
2.281	0.22741629
2.282	0.22524848
2.283	0.22308067
2.284	0.22091286
2.285	0.21874505
2.286	0.21657724
2.287	0.21440943
2.288	0.21224162
2.289	0.21007381
2.29	0.207906
2.291	0.2079814
2.292	0.2080568
2.293	0.2081322
2.294	0.2082076
2.295	0.208283
2.296	0.2083584
2.297	0.2084338
2.298	0.2085092
2.299	0.2085846
2.3	0.20866
2.301	0.21162841
2.302	0.21459682
2.303	0.21756523
2.304	0.22053364
2.305	0.22350205
2.306	0.22647046
2.307	0.22943887
2.308	0.23240728
2.309	0.23537569
2.31	0.2383441
2.311	0.2397276
2.312	0.2411111
2.313	0.2424946
2.314	0.2438781
2.315	0.2452616
2.316	0.2466451
2.317	0.2480286
2.318	0.2494121
2.319	0.2507956
2.32	0.2521791
2.321	0.25175962
2.322	0.25134014
2.323	0.25092066
2.324	0.25050118
2.325	0.2500817
2.326	0.24966222
2.327	0.24924274
2.328	0.24882326
2.329	0.24840378
2.33	0.2479843
2.331	0.24709851
2.332	0.24621272
2.333	0.24532693
2.334	0.24444114
2.335	0.24355535
2.336	0.24266956
2.337	0.24178377
2.338	0.24089798
2.339	0.24001219
2.34	0.2391264
2.341	0.23853515
2.342	0.2379439
2.343	0.23735265
2.344	0.2367614
2.345	0.23617015
2.346	0.2355789
2.347	0.23498765
2.348	0.2343964
2.349	0.23380515
2.35	0.2332139
2.351	0.23193132
2.352	0.23064874
2.353	0.22936616
2.354	0.22808358
2.355	0.226801
2.356	0.22551842
2.357	0.22423584
2.358	0.22295326
2.359	0.22167068
2.36	0.2203881
2.361	0.2201448
2.362	0.2199015
2.363	0.2196582
2.364	0.2194149
2.365	0.2191716
2.366	0.2189283
2.367	0.218685
2.368	0.2184417
2.369	0.2181984
2.37	0.2179551
2.371	0.21839978
2.372	0.21884446
2.373	0.21928914
2.374	0.21973382
2.375	0.2201785
2.376	0.22062318
2.377	0.22106786
2.378	0.22151254
2.379	0.22195722
2.38	0.2224019
2.381	0.22236605
2.382	0.2223302
2.383	0.22229435
2.384	0.2222585
2.385	0.22222265
2.386	0.2221868
2.387	0.22215095
2.388	0.2221151
2.389	0.22207925
2.39	0.2220434
2.391	0.22263595
2.392	0.2232285
2.393	0.22382105
2.394	0.2244136
2.395	0.22500615
2.396	0.2255987
2.397	0.22619125
2.398	0.2267838
2.399	0.22737635
2.4	0.2279689
2.401	0.22886683
2.402	0.22976476
2.403	0.23066269
2.404	0.23156062
2.405	0.23245855
2.406	0.23335648
2.407	0.23425441
2.408	0.23515234
2.409	0.23605027
2.41	0.2369482
2.411	0.23669435
2.412	0.2364405
2.413	0.23618665
2.414	0.2359328
2.415	0.23567895
2.416	0.2354251
2.417	0.23517125
2.418	0.2349174
2.419	0.23466355
2.42	0.2344097
2.421	0.23634272
2.422	0.23827574
2.423	0.24020876
2.424	0.24214178
2.425	0.2440748
2.426	0.24600782
2.427	0.24794084
2.428	0.24987386
2.429	0.25180688
2.43	0.2537399
2.431	0.25412378
2.432	0.25450766
2.433	0.25489154
2.434	0.25527542
2.435	0.2556593
2.436	0.25604318
2.437	0.25642706
2.438	0.25681094
2.439	0.25719482
2.44	0.2575787
2.441	0.25730106
2.442	0.25702342
2.443	0.25674578
2.444	0.25646814
2.445	0.2561905
2.446	0.25591286
2.447	0.25563522
2.448	0.25535758
2.449	0.25507994
2.45	0.2548023
2.451	0.25534143
2.452	0.25588056
2.453	0.25641969
2.454	0.25695882
2.455	0.25749795
2.456	0.25803708
2.457	0.25857621
2.458	0.25911534
2.459	0.25965447
2.46	0.2601936
2.461	0.25951161
2.462	0.25882962
2.463	0.25814763
2.464	0.25746564
2.465	0.25678365
2.466	0.25610166
2.467	0.25541967
2.468	0.25473768
2.469	0.25405569
2.47	0.2533737
2.471	0.2539278
2.472	0.2544819
2.473	0.255036
2.474	0.2555901
2.475	0.2561442
2.476	0.2566983
2.477	0.2572524
2.478	0.2578065
2.479	0.2583606
2.48	0.2589147
2.481	0.2586828
2.482	0.2584509
2.483	0.258219
2.484	0.2579871
2.485	0.2577552
2.486	0.2575233
2.487	0.2572914
2.488	0.2570595
2.489	0.2568276
2.49	0.2565957
2.491	0.25822568
2.492	0.25985566
2.493	0.26148564
2.494	0.26311562
2.495	0.2647456
2.496	0.26637558
2.497	0.26800556
2.498	0.26963554
2.499	0.27126552
2.5	0.2728955
