0.200 0.03
0.210 0.03
0.220 0.03
0.230 0.03
0.240 0.03
0.250 0.03
0.260 0.03
0.270 0.03
0.280 0.03
0.290 0.03
0.300 0.03
0.310 0.03
0.320 0.03
0.330 0.03
0.340 0.03
0.350 0.03
0.360 0.03
0.370 0.03
0.380 0.03
0.390 0.03
0.400 0.03
0.410 0.03
0.420 0.03
0.430 0.03
0.440 0.03
0.450 0.03
0.460 0.03
0.470 0.03
0.480 0.03
0.490 0.03
0.500 0.03
0.510 0.03
0.520 0.03
0.530 0.03
0.540 0.03
0.550 0.03
0.560 0.03
0.570 0.03
0.580 0.03
0.590 0.03
0.600 0.03
0.610 0.03
0.620 0.03
0.630 0.03
0.640 0.03
0.650 0.03
0.660 0.03
0.670 0.03
0.680 0.03
0.690 0.03
0.700 0.03
0.710 0.03
0.720 0.03
0.730 0.03
0.740 0.03
0.750 0.03
0.760 0.03
0.770 0.03
0.780 0.03
0.790 0.03
0.800 0.03
0.810 0.03
0.820 0.03
0.830 0.03
0.840 0.03
0.850 0.03
0.860 0.03
0.870 0.03
0.880 0.03
0.890 0.03
0.900 0.03
0.910 0.03
0.920 0.03
0.930 0.03
0.940 0.03
0.950 0.03
0.960 0.03
0.970 0.03
0.980 0.03
0.990 0.03
1.000 0.03
1.010 0.03
1.020 0.03
1.030 0.03
1.040 0.03
1.050 0.03
1.060 0.03
1.070 0.03
1.080 0.03
1.090 0.03
1.100 0.03
1.110 0.03
1.120 0.03
1.130 0.03
1.140 0.03
1.150 0.03
1.160 0.03
1.170 0.03
1.180 0.03
1.190 0.03
1.200 0.03
1.210 0.03
1.220 0.03
1.230 0.03
1.240 0.03
1.250 0.03
1.260 0.03
1.270 0.03
1.280 0.03
1.290 0.03
1.300 0.03
1.310 0.03
1.320 0.03
1.330 0.03
1.340 0.03
1.350 0.03
1.360 0.03
1.370 0.03
1.380 0.03
1.390 0.03
1.400 0.03
1.410 0.03
1.420 0.03
1.430 0.03
1.440 0.03
1.450 0.03
1.460 0.03
1.470 0.03
1.480 0.03
1.490 0.03
1.500 0.03
1.510 0.03
1.520 0.03
1.530 0.03
1.540 0.03
1.550 0.03
1.560 0.03
1.570 0.03
1.580 0.03
1.590 0.03
1.600 0.03
1.610 0.03
1.620 0.03
1.630 0.03
1.640 0.03
1.650 0.03
1.660 0.03
1.670 0.03
1.680 0.03
1.690 0.03
1.700 0.03
1.710 0.03
1.720 0.03
1.730 0.03
1.740 0.03
1.750 0.03
1.760 0.03
1.770 0.03
1.780 0.03
1.790 0.03
1.800 0.03
1.810 0.03
1.820 0.03
1.830 0.03
1.840 0.03
1.850 0.03
1.860 0.03
1.870 0.03
1.880 0.03
1.890 0.03
1.900 0.03
1.910 0.03
1.920 0.03
1.930 0.03
1.940 0.03
1.950 0.03
1.960 0.03
1.970 0.03
1.980 0.03
1.990 0.03
2.000 0.03
2.010 0.03
2.020 0.03
2.030 0.03
2.040 0.03
2.050 0.03
2.060 0.03
2.070 0.03
2.080 0.03
2.090 0.03
2.100 0.03
2.110 0.03
2.120 0.03
2.130 0.03
2.140 0.03
2.150 0.03
2.160 0.03
2.170 0.03
2.180 0.03
2.190 0.03
2.200 0.03
2.210 0.03
2.220 0.03
2.230 0.03
2.240 0.03
2.250 0.03
2.260 0.03
2.270 0.03
2.280 0.03
2.290 0.03
2.300 0.03
2.310 0.03
2.320 0.03
2.330 0.03
2.340 0.03
2.350 0.03
2.360 0.03
2.370 0.03
2.380 0.03
2.390 0.03
2.400 0.03
2.410 0.03
2.420 0.03
2.430 0.03
2.440 0.03
2.450 0.03
2.460 0.03
2.470 0.03
2.480 0.03
2.490 0.03
2.500 0.03
2.510 0.03
2.520 0.03
2.530 0.03
2.540 0.03
2.550 0.03
2.560 0.03
2.570 0.03
2.580 0.03
2.590 0.03
2.600 0.03
2.610 0.03
2.620 0.03
2.630 0.03
2.640 0.03
2.650 0.03
2.660 0.03
2.670 0.03
2.680 0.03
2.690 0.03
2.700 0.03
2.710 0.03
2.720 0.03
2.730 0.03
2.740 0.03
2.750 0.03
2.760 0.03
2.770 0.03
2.780 0.03
2.790 0.03
2.800 0.03
2.810 0.03
2.820 0.03
2.830 0.03
2.840 0.03
2.850 0.03
2.860 0.03
2.870 0.03
2.880 0.03
2.890 0.03
2.900 0.03
2.910 0.03
2.920 0.03
2.930 0.03
2.940 0.03
2.950 0.03
2.960 0.03
2.970 0.03
2.980 0.03
2.990 0.03
3.000 0.03
3.010 0.03
3.020 0.03
3.030 0.03
3.040 0.03
3.050 0.03
3.060 0.03
3.070 0.03
3.080 0.03
3.090 0.03
3.100 0.03
3.110 0.03
3.120 0.03
3.130 0.03
3.140 0.03
3.150 0.03
3.160 0.03
3.170 0.03
3.180 0.03
3.190 0.03
3.200 0.03
3.210 0.03
3.220 0.03
3.230 0.03
3.240 0.03
3.250 0.03
3.260 0.03
3.270 0.03
3.280 0.03
3.290 0.03
3.300 0.03
3.310 0.03
3.320 0.03
3.330 0.03
3.340 0.03
3.350 0.03
3.360 0.03
3.370 0.03
3.380 0.03
3.390 0.03
3.400 0.03
3.410 0.03
3.420 0.03
3.430 0.03
3.440 0.03
3.450 0.03
3.460 0.03
3.470 0.03
3.480 0.03
3.490 0.03
3.500 0.03
3.510 0.03
3.520 0.03
3.530 0.03
3.540 0.03
3.550 0.03
3.560 0.03
3.570 0.03
3.580 0.03
3.590 0.03
3.600 0.03
3.610 0.03
3.620 0.03
3.630 0.03
3.640 0.03
3.650 0.03
3.660 0.03
3.670 0.03
3.680 0.03
3.690 0.03
3.700 0.03
3.710 0.03
3.720 0.03
3.730 0.03
3.740 0.03
3.750 0.03
3.760 0.03
3.770 0.03
3.780 0.03
3.790 0.03
3.800 0.03
3.810 0.03
3.820 0.03
3.830 0.03
3.840 0.03
3.850 0.03
3.860 0.03
3.870 0.03
3.880 0.03
3.890 0.03
3.900 0.03
3.910 0.03
3.920 0.03
3.930 0.03
3.940 0.03
3.950 0.03
3.960 0.03
3.970 0.03
3.980 0.03
3.990 0.03
4.000 0.03
4.010 0.03
4.020 0.03
4.030 0.03
4.040 0.03
4.050 0.03
4.060 0.03
4.070 0.03
4.080 0.03
4.090 0.03
4.100 0.03
4.110 0.03
4.120 0.03
4.130 0.03
4.140 0.03
4.150 0.03
4.160 0.03
4.170 0.03
4.180 0.03
4.190 0.03
4.200 0.03
4.210 0.03
4.220 0.03
4.230 0.03
4.240 0.03
4.250 0.03
4.260 0.03
4.270 0.03
4.280 0.03
4.290 0.03
4.300 0.03
4.310 0.03
4.320 0.03
4.330 0.03
4.340 0.03
4.350 0.03
4.360 0.03
4.370 0.03
4.380 0.03
4.390 0.03
4.400 0.03
4.410 0.03
4.420 0.03
4.430 0.03
4.440 0.03
4.450 0.03
4.460 0.03
4.470 0.03
4.480 0.03
4.490 0.03
4.500 0.03
4.510 0.03
4.520 0.03
4.530 0.03
4.540 0.03
4.550 0.03
4.560 0.03
4.570 0.03
4.580 0.03
4.590 0.03
4.600 0.03
4.610 0.03
4.620 0.03
4.630 0.03
4.640 0.03
4.650 0.03
4.660 0.03
4.670 0.03
4.680 0.03
4.690 0.03
4.700 0.03
4.710 0.03
4.720 0.03
4.730 0.03
4.740 0.03
4.750 0.03
4.760 0.03
4.770 0.03
4.780 0.03
4.790 0.03
4.800 0.03
4.810 0.03
4.820 0.03
4.830 0.03
4.840 0.03
4.850 0.03
4.860 0.03
4.870 0.03
4.880 0.03
4.890 0.03
4.900 0.03
4.910 0.03
4.920 0.03
4.930 0.03
4.940 0.03
4.950 0.03
4.960 0.03
4.970 0.03
4.980 0.03
4.990 0.03
5.000 0.03
